5.000000000000000104e-04 0.000000000000000000e+00
1.500000000000000031e-03 0.000000000000000000e+00
2.500000000000000052e-03 0.000000000000000000e+00
3.500000000000000073e-03 0.000000000000000000e+00
4.500000000000000527e-03 0.000000000000000000e+00
5.499999999999999681e-03 9.418430310779496439e-01
6.500000000000000569e-03 9.622643463852604828e-01
7.499999999999999722e-03 1.027192565745262520e+00
8.500000000000000611e-03 1.133957723346336488e+00
9.500000000000001499e-03 1.279889853376861453e+00
1.050000000000000065e-02 1.462318990025218479e+00
1.149999999999999981e-02 1.678575167479786412e+00
1.250000000000000069e-02 1.925988419928946538e+00
1.350000000000000158e-02 2.201888781561078812e+00
1.450000000000000074e-02 2.503606286564563188e+00
1.549999999999999989e-02 2.828470969127778289e+00
1.650000000000000078e-02 3.173812863439106735e+00
1.750000000000000167e-02 3.536962003686926703e+00
1.850000000000000255e-02 3.915248424059618593e+00
1.949999999999999997e-02 4.306002158745564579e+00
2.050000000000000086e-02 4.706553241932970977e+00
2.150000000000000175e-02 5.154182877436392474e+00
2.249999999999999917e-02 5.557876660138699521e+00
2.350000000000000006e-02 5.996727884044257273e+00
2.450000000000000094e-02 6.423330511332608239e+00
2.550000000000000183e-02 6.836524814486178769e+00
2.650000000000000272e-02 7.205052828722616098e+00
2.750000000000000014e-02 7.547439339145486592e+00
2.850000000000000103e-02 7.849105331198829028e+00
2.950000000000000192e-02 8.142819366901466793e+00
3.049999999999999933e-02 8.413878295274647812e+00
3.150000000000000022e-02 8.634848091846784257e+00
3.250000000000000111e-02 8.902662852783835845e+00
3.350000000000000200e-02 9.151849391065422168e+00
3.450000000000000289e-02 9.386492814040250821e+00
3.550000000000000377e-02 9.501032844937993715e+00
3.650000000000000466e-02 9.629393655078555270e+00
3.749999999999999861e-02 9.736291758268247776e+00
3.849999999999999950e-02 9.888523615118238297e+00
3.950000000000000039e-02 1.003329176812768608e+01
4.050000000000000128e-02 1.024514658628025998e+01
4.150000000000000216e-02 1.044670112596081779e+01
4.250000000000000305e-02 1.061628981537895555e+01
4.350000000000000394e-02 1.080476659939097672e+01
4.449999999999999789e-02 1.096703209190340722e+01
4.549999999999999878e-02 1.110974480840667589e+01
4.649999999999999967e-02 1.125713985489495528e+01
4.750000000000000056e-02 1.145883136838810046e+01
4.850000000000000144e-02 1.164348015638313250e+01
4.950000000000000233e-02 1.188313597794628151e+01
5.050000000000000322e-02 1.212660835548094340e+01
5.150000000000000411e-02 1.241260993735562579e+01
5.250000000000000500e-02 1.263705569009231056e+01
5.349999999999999895e-02 1.291688650912379899e+01
5.449999999999999983e-02 1.314168522191539168e+01
5.550000000000000072e-02 1.331664693832896873e+01
5.650000000000000161e-02 1.343111707929605103e+01
5.750000000000000250e-02 1.361085199850925420e+01
5.850000000000000339e-02 1.375402429356547707e+01
5.950000000000000427e-02 1.389996089897335985e+01
6.049999999999999822e-02 1.400424426444274673e+01
6.149999999999999911e-02 1.412507000394430356e+01
6.250000000000000000e-02 1.426916711364627943e+01
6.350000000000000089e-02 1.435838897183416130e+01
6.450000000000000178e-02 1.444223023691905894e+01
6.550000000000000266e-02 1.447226193560711494e+01
6.650000000000000355e-02 1.457082700509956297e+01
6.750000000000000444e-02 1.458874896682968547e+01
6.850000000000000533e-02 1.472188269575692487e+01
6.950000000000000622e-02 1.479628952454632973e+01
7.050000000000000711e-02 1.494026077102617656e+01
7.150000000000000799e-02 1.494844977602681624e+01
7.250000000000000888e-02 1.491804546358102179e+01
7.349999999999999589e-02 1.484863878673717963e+01
7.449999999999999678e-02 1.471666750049227801e+01
7.549999999999999767e-02 1.459591804689533667e+01
7.649999999999999856e-02 1.443906657014127148e+01
7.749999999999999944e-02 1.424469072152776583e+01
7.850000000000000033e-02 1.399585706377737182e+01
7.950000000000000122e-02 1.375237044014826893e+01
8.050000000000000211e-02 1.349874202868816297e+01
8.150000000000000300e-02 1.318204784976388666e+01
8.250000000000000389e-02 1.280445699054277142e+01
8.350000000000000477e-02 1.244618895900708111e+01
8.450000000000000566e-02 1.202195659100778613e+01
8.550000000000000655e-02 1.154530762700435886e+01
8.650000000000000744e-02 1.109135320270184266e+01
8.750000000000000833e-02 1.066705730666405394e+01
8.849999999999999534e-02 1.018214825487441288e+01
8.949999999999999623e-02 9.703356548753950150e+00
9.049999999999999711e-02 9.237397722252485011e+00
9.149999999999999800e-02 8.766667885532168469e+00
9.249999999999999889e-02 8.318814288700039583e+00
9.349999999999999978e-02 7.891611189666166482e+00
9.450000000000000067e-02 7.487349630800355094e+00
9.550000000000000155e-02 7.071474971551866773e+00
9.650000000000000244e-02 6.687629724685909771e+00
9.750000000000000333e-02 6.336212769486849083e+00
9.850000000000000422e-02 6.066857510419675137e+00
9.950000000000000511e-02 5.753357853450898673e+00
1.005000000000000060e-01 5.494496342543682132e+00
1.015000000000000069e-01 5.234182116259099793e+00
1.025000000000000078e-01 5.016215916711344036e+00
1.035000000000000087e-01 4.802180014680359932e+00
1.045000000000000095e-01 4.572504536571535994e+00
1.054999999999999966e-01 4.337087666544720221e+00
1.064999999999999974e-01 4.098958619601235753e+00
1.074999999999999983e-01 3.844976521012888782e+00
1.084999999999999992e-01 3.625920552041391076e+00
1.095000000000000001e-01 3.421904732570279606e+00
1.105000000000000010e-01 3.222441403679336513e+00
1.115000000000000019e-01 3.010876471964079482e+00
1.125000000000000028e-01 2.832035773511186072e+00
1.135000000000000037e-01 2.619737863763198060e+00
1.145000000000000046e-01 2.413132676956073475e+00
1.155000000000000054e-01 2.213241720896526488e+00
1.165000000000000063e-01 2.021086503391168687e+00
1.175000000000000072e-01 1.837688532246614770e+00
1.185000000000000081e-01 1.664069315269479210e+00
1.195000000000000090e-01 1.501250360266372486e+00
1.204999999999999960e-01 1.350253175043913956e+00
1.214999999999999969e-01 1.212099267408712322e+00
1.224999999999999978e-01 1.087810145167383169e+00
1.234999999999999987e-01 9.784073161265388618e-01
1.244999999999999996e-01 8.849122880927957624e-01
1.255000000000000004e-01 8.083465688727650145e-01
1.265000000000000013e-01 7.497316662730613146e-01
1.275000000000000022e-01 7.100890881002985822e-01
1.285000000000000031e-01 0.000000000000000000e+00
1.295000000000000040e-01 0.000000000000000000e+00
1.305000000000000049e-01 0.000000000000000000e+00
1.315000000000000058e-01 0.000000000000000000e+00
1.325000000000000067e-01 0.000000000000000000e+00
1.335000000000000075e-01 0.000000000000000000e+00
1.345000000000000084e-01 0.000000000000000000e+00
1.355000000000000093e-01 0.000000000000000000e+00
1.365000000000000102e-01 0.000000000000000000e+00
1.375000000000000111e-01 0.000000000000000000e+00
1.385000000000000120e-01 0.000000000000000000e+00
1.395000000000000129e-01 0.000000000000000000e+00
1.405000000000000138e-01 0.000000000000000000e+00
1.415000000000000147e-01 0.000000000000000000e+00
1.425000000000000155e-01 0.000000000000000000e+00
1.435000000000000164e-01 0.000000000000000000e+00
1.445000000000000173e-01 0.000000000000000000e+00
1.454999999999999905e-01 0.000000000000000000e+00
1.464999999999999913e-01 0.000000000000000000e+00
1.474999999999999922e-01 0.000000000000000000e+00
1.484999999999999931e-01 0.000000000000000000e+00
1.494999999999999940e-01 0.000000000000000000e+00
1.504999999999999949e-01 0.000000000000000000e+00
1.514999999999999958e-01 0.000000000000000000e+00
1.524999999999999967e-01 0.000000000000000000e+00
1.534999999999999976e-01 0.000000000000000000e+00
1.544999999999999984e-01 0.000000000000000000e+00
1.554999999999999993e-01 0.000000000000000000e+00
1.565000000000000002e-01 0.000000000000000000e+00
1.575000000000000011e-01 0.000000000000000000e+00
1.585000000000000020e-01 0.000000000000000000e+00
1.595000000000000029e-01 0.000000000000000000e+00
1.605000000000000038e-01 0.000000000000000000e+00
1.615000000000000047e-01 0.000000000000000000e+00
1.625000000000000056e-01 0.000000000000000000e+00
1.635000000000000064e-01 0.000000000000000000e+00
1.645000000000000073e-01 0.000000000000000000e+00
1.655000000000000082e-01 0.000000000000000000e+00
1.665000000000000091e-01 0.000000000000000000e+00
1.675000000000000100e-01 0.000000000000000000e+00
1.685000000000000109e-01 0.000000000000000000e+00
1.695000000000000118e-01 0.000000000000000000e+00
1.705000000000000127e-01 0.000000000000000000e+00
1.715000000000000135e-01 0.000000000000000000e+00
1.725000000000000144e-01 0.000000000000000000e+00
1.735000000000000153e-01 0.000000000000000000e+00
1.745000000000000162e-01 0.000000000000000000e+00
1.755000000000000171e-01 0.000000000000000000e+00
1.764999999999999902e-01 0.000000000000000000e+00
1.774999999999999911e-01 0.000000000000000000e+00
1.784999999999999920e-01 0.000000000000000000e+00
1.794999999999999929e-01 0.000000000000000000e+00
1.804999999999999938e-01 0.000000000000000000e+00
1.814999999999999947e-01 0.000000000000000000e+00
1.824999999999999956e-01 0.000000000000000000e+00
1.834999999999999964e-01 0.000000000000000000e+00
1.844999999999999973e-01 0.000000000000000000e+00
1.854999999999999982e-01 0.000000000000000000e+00
1.864999999999999991e-01 0.000000000000000000e+00
1.875000000000000000e-01 0.000000000000000000e+00
1.885000000000000009e-01 0.000000000000000000e+00
1.895000000000000018e-01 0.000000000000000000e+00
1.905000000000000027e-01 0.000000000000000000e+00
1.915000000000000036e-01 0.000000000000000000e+00
1.925000000000000044e-01 0.000000000000000000e+00
1.935000000000000053e-01 0.000000000000000000e+00
1.945000000000000062e-01 0.000000000000000000e+00
1.955000000000000071e-01 0.000000000000000000e+00
1.965000000000000080e-01 0.000000000000000000e+00
1.975000000000000089e-01 0.000000000000000000e+00
1.985000000000000098e-01 0.000000000000000000e+00
1.995000000000000107e-01 0.000000000000000000e+00
2.005000000000000115e-01 0.000000000000000000e+00
2.015000000000000124e-01 0.000000000000000000e+00
2.025000000000000133e-01 0.000000000000000000e+00
2.035000000000000142e-01 0.000000000000000000e+00
2.045000000000000151e-01 0.000000000000000000e+00
2.055000000000000160e-01 0.000000000000000000e+00
2.065000000000000169e-01 0.000000000000000000e+00
2.075000000000000178e-01 0.000000000000000000e+00
2.085000000000000187e-01 0.000000000000000000e+00
2.094999999999999918e-01 0.000000000000000000e+00
2.104999999999999927e-01 0.000000000000000000e+00
2.114999999999999936e-01 0.000000000000000000e+00
2.124999999999999944e-01 0.000000000000000000e+00
2.134999999999999953e-01 0.000000000000000000e+00
2.144999999999999962e-01 0.000000000000000000e+00
2.154999999999999971e-01 0.000000000000000000e+00
2.164999999999999980e-01 0.000000000000000000e+00
2.174999999999999989e-01 0.000000000000000000e+00
2.184999999999999998e-01 0.000000000000000000e+00
2.195000000000000007e-01 0.000000000000000000e+00
2.205000000000000016e-01 0.000000000000000000e+00
2.215000000000000024e-01 0.000000000000000000e+00
2.225000000000000033e-01 0.000000000000000000e+00
2.235000000000000042e-01 0.000000000000000000e+00
2.245000000000000051e-01 0.000000000000000000e+00
2.255000000000000060e-01 0.000000000000000000e+00
2.265000000000000069e-01 0.000000000000000000e+00
2.275000000000000078e-01 0.000000000000000000e+00
2.285000000000000087e-01 0.000000000000000000e+00
2.295000000000000095e-01 0.000000000000000000e+00
2.305000000000000104e-01 0.000000000000000000e+00
2.315000000000000113e-01 0.000000000000000000e+00
2.325000000000000122e-01 0.000000000000000000e+00
2.335000000000000131e-01 0.000000000000000000e+00
2.345000000000000140e-01 0.000000000000000000e+00
2.355000000000000149e-01 0.000000000000000000e+00
2.365000000000000158e-01 0.000000000000000000e+00
2.375000000000000167e-01 0.000000000000000000e+00
2.385000000000000175e-01 0.000000000000000000e+00
2.395000000000000184e-01 0.000000000000000000e+00
2.404999999999999916e-01 0.000000000000000000e+00
2.414999999999999925e-01 0.000000000000000000e+00
2.424999999999999933e-01 0.000000000000000000e+00
2.434999999999999942e-01 0.000000000000000000e+00
2.444999999999999951e-01 0.000000000000000000e+00
2.454999999999999960e-01 0.000000000000000000e+00
2.464999999999999969e-01 0.000000000000000000e+00
2.474999999999999978e-01 0.000000000000000000e+00
2.484999999999999987e-01 0.000000000000000000e+00
2.494999999999999996e-01 0.000000000000000000e+00
2.505000000000000004e-01 0.000000000000000000e+00
2.515000000000000013e-01 0.000000000000000000e+00
2.525000000000000022e-01 0.000000000000000000e+00
2.535000000000000031e-01 0.000000000000000000e+00
2.545000000000000040e-01 0.000000000000000000e+00
2.555000000000000049e-01 0.000000000000000000e+00
2.565000000000000058e-01 0.000000000000000000e+00
2.575000000000000067e-01 0.000000000000000000e+00
2.585000000000000075e-01 0.000000000000000000e+00
2.595000000000000084e-01 0.000000000000000000e+00
2.605000000000000093e-01 0.000000000000000000e+00
2.615000000000000102e-01 0.000000000000000000e+00
2.625000000000000111e-01 0.000000000000000000e+00
2.635000000000000120e-01 0.000000000000000000e+00
2.645000000000000129e-01 0.000000000000000000e+00
2.655000000000000138e-01 0.000000000000000000e+00
2.665000000000000147e-01 0.000000000000000000e+00
2.675000000000000155e-01 0.000000000000000000e+00
2.685000000000000164e-01 0.000000000000000000e+00
2.695000000000000173e-01 0.000000000000000000e+00
2.705000000000000182e-01 0.000000000000000000e+00
2.715000000000000191e-01 0.000000000000000000e+00
2.725000000000000200e-01 0.000000000000000000e+00
2.735000000000000209e-01 0.000000000000000000e+00
2.745000000000000218e-01 0.000000000000000000e+00
2.755000000000000226e-01 0.000000000000000000e+00
2.765000000000000235e-01 0.000000000000000000e+00
2.775000000000000244e-01 0.000000000000000000e+00
2.785000000000000253e-01 0.000000000000000000e+00
2.795000000000000262e-01 0.000000000000000000e+00
2.805000000000000271e-01 0.000000000000000000e+00
2.815000000000000280e-01 0.000000000000000000e+00
2.825000000000000289e-01 0.000000000000000000e+00
2.835000000000000298e-01 0.000000000000000000e+00
2.845000000000000306e-01 0.000000000000000000e+00
2.855000000000000315e-01 0.000000000000000000e+00
2.865000000000000324e-01 0.000000000000000000e+00
2.875000000000000333e-01 0.000000000000000000e+00
2.885000000000000342e-01 0.000000000000000000e+00
2.894999999999999796e-01 0.000000000000000000e+00
2.904999999999999805e-01 0.000000000000000000e+00
2.914999999999999813e-01 0.000000000000000000e+00
2.924999999999999822e-01 0.000000000000000000e+00
2.934999999999999831e-01 0.000000000000000000e+00
2.944999999999999840e-01 0.000000000000000000e+00
2.954999999999999849e-01 0.000000000000000000e+00
2.964999999999999858e-01 0.000000000000000000e+00
2.974999999999999867e-01 0.000000000000000000e+00
2.984999999999999876e-01 0.000000000000000000e+00
2.994999999999999885e-01 0.000000000000000000e+00
3.004999999999999893e-01 0.000000000000000000e+00
3.014999999999999902e-01 0.000000000000000000e+00
3.024999999999999911e-01 0.000000000000000000e+00
3.034999999999999920e-01 0.000000000000000000e+00
3.044999999999999929e-01 0.000000000000000000e+00
3.054999999999999938e-01 0.000000000000000000e+00
3.064999999999999947e-01 0.000000000000000000e+00
3.074999999999999956e-01 0.000000000000000000e+00
3.084999999999999964e-01 0.000000000000000000e+00
3.094999999999999973e-01 0.000000000000000000e+00
3.104999999999999982e-01 0.000000000000000000e+00
3.114999999999999991e-01 0.000000000000000000e+00
3.125000000000000000e-01 0.000000000000000000e+00
3.135000000000000009e-01 0.000000000000000000e+00
3.145000000000000018e-01 0.000000000000000000e+00
3.155000000000000027e-01 0.000000000000000000e+00
3.165000000000000036e-01 0.000000000000000000e+00
3.175000000000000044e-01 0.000000000000000000e+00
3.185000000000000053e-01 0.000000000000000000e+00
3.195000000000000062e-01 0.000000000000000000e+00
3.205000000000000071e-01 0.000000000000000000e+00
3.215000000000000080e-01 0.000000000000000000e+00
3.225000000000000089e-01 0.000000000000000000e+00
3.235000000000000098e-01 0.000000000000000000e+00
3.245000000000000107e-01 0.000000000000000000e+00
3.255000000000000115e-01 0.000000000000000000e+00
3.265000000000000124e-01 0.000000000000000000e+00
3.275000000000000133e-01 0.000000000000000000e+00
3.285000000000000142e-01 0.000000000000000000e+00
3.295000000000000151e-01 0.000000000000000000e+00
3.305000000000000160e-01 0.000000000000000000e+00
3.315000000000000169e-01 0.000000000000000000e+00
3.325000000000000178e-01 0.000000000000000000e+00
3.335000000000000187e-01 0.000000000000000000e+00
3.345000000000000195e-01 0.000000000000000000e+00
3.355000000000000204e-01 0.000000000000000000e+00
3.365000000000000213e-01 0.000000000000000000e+00
3.375000000000000222e-01 0.000000000000000000e+00
3.385000000000000231e-01 0.000000000000000000e+00
3.395000000000000240e-01 0.000000000000000000e+00
3.405000000000000249e-01 0.000000000000000000e+00
3.415000000000000258e-01 0.000000000000000000e+00
3.425000000000000266e-01 0.000000000000000000e+00
3.435000000000000275e-01 0.000000000000000000e+00
3.445000000000000284e-01 0.000000000000000000e+00
3.455000000000000293e-01 0.000000000000000000e+00
3.465000000000000302e-01 0.000000000000000000e+00
3.475000000000000311e-01 0.000000000000000000e+00
3.485000000000000320e-01 0.000000000000000000e+00
3.495000000000000329e-01 0.000000000000000000e+00
3.505000000000000338e-01 0.000000000000000000e+00
3.515000000000000346e-01 0.000000000000000000e+00
3.524999999999999800e-01 0.000000000000000000e+00
3.534999999999999809e-01 0.000000000000000000e+00
3.544999999999999818e-01 0.000000000000000000e+00
3.554999999999999827e-01 0.000000000000000000e+00
3.564999999999999836e-01 0.000000000000000000e+00
3.574999999999999845e-01 0.000000000000000000e+00
3.584999999999999853e-01 0.000000000000000000e+00
3.594999999999999862e-01 0.000000000000000000e+00
3.604999999999999871e-01 0.000000000000000000e+00
3.614999999999999880e-01 0.000000000000000000e+00
3.624999999999999889e-01 0.000000000000000000e+00
3.634999999999999898e-01 0.000000000000000000e+00
3.644999999999999907e-01 0.000000000000000000e+00
3.654999999999999916e-01 0.000000000000000000e+00
3.664999999999999925e-01 0.000000000000000000e+00
3.674999999999999933e-01 0.000000000000000000e+00
3.684999999999999942e-01 0.000000000000000000e+00
3.694999999999999951e-01 0.000000000000000000e+00
3.704999999999999960e-01 0.000000000000000000e+00
3.714999999999999969e-01 0.000000000000000000e+00
3.724999999999999978e-01 0.000000000000000000e+00
3.734999999999999987e-01 0.000000000000000000e+00
3.744999999999999996e-01 0.000000000000000000e+00
3.755000000000000004e-01 0.000000000000000000e+00
3.765000000000000013e-01 0.000000000000000000e+00
3.775000000000000022e-01 0.000000000000000000e+00
3.785000000000000031e-01 0.000000000000000000e+00
3.795000000000000040e-01 0.000000000000000000e+00
3.805000000000000049e-01 0.000000000000000000e+00
3.815000000000000058e-01 0.000000000000000000e+00
3.825000000000000067e-01 0.000000000000000000e+00
3.835000000000000075e-01 0.000000000000000000e+00
3.845000000000000084e-01 0.000000000000000000e+00
3.855000000000000093e-01 0.000000000000000000e+00
3.865000000000000102e-01 0.000000000000000000e+00
3.875000000000000111e-01 0.000000000000000000e+00
3.885000000000000120e-01 0.000000000000000000e+00
3.895000000000000129e-01 0.000000000000000000e+00
3.905000000000000138e-01 0.000000000000000000e+00
3.915000000000000147e-01 0.000000000000000000e+00
3.925000000000000155e-01 0.000000000000000000e+00
3.935000000000000164e-01 0.000000000000000000e+00
3.945000000000000173e-01 0.000000000000000000e+00
3.955000000000000182e-01 0.000000000000000000e+00
3.965000000000000191e-01 0.000000000000000000e+00
3.975000000000000200e-01 0.000000000000000000e+00
3.985000000000000209e-01 0.000000000000000000e+00
3.995000000000000218e-01 0.000000000000000000e+00
4.005000000000000226e-01 0.000000000000000000e+00
4.015000000000000235e-01 0.000000000000000000e+00
4.025000000000000244e-01 0.000000000000000000e+00
4.035000000000000253e-01 0.000000000000000000e+00
4.045000000000000262e-01 0.000000000000000000e+00
4.055000000000000271e-01 0.000000000000000000e+00
4.065000000000000280e-01 0.000000000000000000e+00
4.075000000000000289e-01 0.000000000000000000e+00
4.085000000000000298e-01 0.000000000000000000e+00
4.095000000000000306e-01 0.000000000000000000e+00
4.105000000000000315e-01 0.000000000000000000e+00
4.115000000000000324e-01 0.000000000000000000e+00
4.125000000000000333e-01 0.000000000000000000e+00
4.135000000000000342e-01 0.000000000000000000e+00
4.145000000000000351e-01 0.000000000000000000e+00
4.155000000000000360e-01 0.000000000000000000e+00
4.165000000000000369e-01 0.000000000000000000e+00
4.174999999999999822e-01 0.000000000000000000e+00
4.184999999999999831e-01 0.000000000000000000e+00
4.194999999999999840e-01 0.000000000000000000e+00
4.204999999999999849e-01 0.000000000000000000e+00
4.214999999999999858e-01 0.000000000000000000e+00
4.224999999999999867e-01 0.000000000000000000e+00
4.234999999999999876e-01 0.000000000000000000e+00
4.244999999999999885e-01 0.000000000000000000e+00
4.254999999999999893e-01 0.000000000000000000e+00
4.264999999999999902e-01 0.000000000000000000e+00
4.274999999999999911e-01 0.000000000000000000e+00
4.284999999999999920e-01 0.000000000000000000e+00
4.294999999999999929e-01 0.000000000000000000e+00
4.304999999999999938e-01 0.000000000000000000e+00
4.314999999999999947e-01 0.000000000000000000e+00
4.324999999999999956e-01 0.000000000000000000e+00
4.334999999999999964e-01 0.000000000000000000e+00
4.344999999999999973e-01 0.000000000000000000e+00
4.354999999999999982e-01 0.000000000000000000e+00
4.364999999999999991e-01 0.000000000000000000e+00
4.375000000000000000e-01 0.000000000000000000e+00
4.385000000000000009e-01 0.000000000000000000e+00
4.395000000000000018e-01 0.000000000000000000e+00
4.405000000000000027e-01 0.000000000000000000e+00
4.415000000000000036e-01 0.000000000000000000e+00
4.425000000000000044e-01 0.000000000000000000e+00
4.435000000000000053e-01 0.000000000000000000e+00
4.445000000000000062e-01 0.000000000000000000e+00
4.455000000000000071e-01 0.000000000000000000e+00
4.465000000000000080e-01 0.000000000000000000e+00
4.475000000000000089e-01 0.000000000000000000e+00
4.485000000000000098e-01 0.000000000000000000e+00
4.495000000000000107e-01 0.000000000000000000e+00
4.505000000000000115e-01 0.000000000000000000e+00
4.515000000000000124e-01 0.000000000000000000e+00
4.525000000000000133e-01 0.000000000000000000e+00
4.535000000000000142e-01 0.000000000000000000e+00
4.545000000000000151e-01 0.000000000000000000e+00
4.555000000000000160e-01 0.000000000000000000e+00
4.565000000000000169e-01 0.000000000000000000e+00
4.575000000000000178e-01 0.000000000000000000e+00
4.585000000000000187e-01 0.000000000000000000e+00
4.595000000000000195e-01 0.000000000000000000e+00
4.605000000000000204e-01 0.000000000000000000e+00
4.615000000000000213e-01 0.000000000000000000e+00
4.625000000000000222e-01 0.000000000000000000e+00
4.635000000000000231e-01 0.000000000000000000e+00
4.645000000000000240e-01 0.000000000000000000e+00
4.655000000000000249e-01 0.000000000000000000e+00
4.665000000000000258e-01 0.000000000000000000e+00
4.675000000000000266e-01 0.000000000000000000e+00
4.685000000000000275e-01 0.000000000000000000e+00
4.695000000000000284e-01 0.000000000000000000e+00
4.705000000000000293e-01 0.000000000000000000e+00
4.715000000000000302e-01 0.000000000000000000e+00
4.725000000000000311e-01 0.000000000000000000e+00
4.735000000000000320e-01 0.000000000000000000e+00
4.745000000000000329e-01 0.000000000000000000e+00
4.755000000000000338e-01 0.000000000000000000e+00
4.765000000000000346e-01 0.000000000000000000e+00
4.775000000000000355e-01 0.000000000000000000e+00
4.785000000000000364e-01 0.000000000000000000e+00
4.795000000000000373e-01 0.000000000000000000e+00
4.804999999999999827e-01 0.000000000000000000e+00
4.814999999999999836e-01 0.000000000000000000e+00
4.824999999999999845e-01 0.000000000000000000e+00
4.834999999999999853e-01 0.000000000000000000e+00
4.844999999999999862e-01 0.000000000000000000e+00
4.854999999999999871e-01 0.000000000000000000e+00
4.864999999999999880e-01 0.000000000000000000e+00
4.874999999999999889e-01 0.000000000000000000e+00
4.884999999999999898e-01 0.000000000000000000e+00
4.894999999999999907e-01 0.000000000000000000e+00
4.904999999999999916e-01 0.000000000000000000e+00
4.914999999999999925e-01 0.000000000000000000e+00
4.924999999999999933e-01 0.000000000000000000e+00
4.934999999999999942e-01 0.000000000000000000e+00
4.944999999999999951e-01 0.000000000000000000e+00
4.954999999999999960e-01 0.000000000000000000e+00
4.964999999999999969e-01 0.000000000000000000e+00
4.974999999999999978e-01 0.000000000000000000e+00
4.984999999999999987e-01 0.000000000000000000e+00
4.994999999999999996e-01 0.000000000000000000e+00
5.004999999999999449e-01 0.000000000000000000e+00
5.014999999999999458e-01 0.000000000000000000e+00
5.024999999999999467e-01 0.000000000000000000e+00
5.034999999999999476e-01 0.000000000000000000e+00
5.044999999999999485e-01 0.000000000000000000e+00
5.054999999999999494e-01 0.000000000000000000e+00
5.064999999999999503e-01 0.000000000000000000e+00
5.074999999999999512e-01 0.000000000000000000e+00
5.084999999999999520e-01 0.000000000000000000e+00
5.094999999999999529e-01 0.000000000000000000e+00
5.104999999999999538e-01 0.000000000000000000e+00
5.114999999999999547e-01 0.000000000000000000e+00
5.124999999999999556e-01 0.000000000000000000e+00
5.134999999999999565e-01 0.000000000000000000e+00
5.144999999999999574e-01 0.000000000000000000e+00
5.154999999999999583e-01 0.000000000000000000e+00
5.164999999999999591e-01 0.000000000000000000e+00
5.174999999999999600e-01 0.000000000000000000e+00
5.184999999999999609e-01 0.000000000000000000e+00
5.194999999999999618e-01 0.000000000000000000e+00
5.204999999999999627e-01 0.000000000000000000e+00
5.214999999999999636e-01 0.000000000000000000e+00
5.224999999999999645e-01 0.000000000000000000e+00
5.234999999999999654e-01 0.000000000000000000e+00
5.244999999999999662e-01 0.000000000000000000e+00
5.254999999999999671e-01 0.000000000000000000e+00
5.264999999999999680e-01 0.000000000000000000e+00
5.274999999999999689e-01 0.000000000000000000e+00
5.284999999999999698e-01 0.000000000000000000e+00
5.294999999999999707e-01 0.000000000000000000e+00
5.304999999999999716e-01 0.000000000000000000e+00
5.314999999999999725e-01 0.000000000000000000e+00
5.324999999999999734e-01 0.000000000000000000e+00
5.334999999999999742e-01 0.000000000000000000e+00
5.344999999999999751e-01 0.000000000000000000e+00
5.354999999999999760e-01 0.000000000000000000e+00
5.364999999999999769e-01 0.000000000000000000e+00
5.374999999999999778e-01 0.000000000000000000e+00
5.384999999999999787e-01 0.000000000000000000e+00
5.394999999999999796e-01 0.000000000000000000e+00
5.404999999999999805e-01 0.000000000000000000e+00
5.414999999999999813e-01 0.000000000000000000e+00
5.424999999999999822e-01 0.000000000000000000e+00
5.434999999999999831e-01 0.000000000000000000e+00
5.444999999999999840e-01 0.000000000000000000e+00
5.454999999999999849e-01 0.000000000000000000e+00
5.464999999999999858e-01 0.000000000000000000e+00
5.474999999999999867e-01 0.000000000000000000e+00
5.484999999999999876e-01 0.000000000000000000e+00
5.494999999999999885e-01 0.000000000000000000e+00
5.504999999999999893e-01 0.000000000000000000e+00
5.514999999999999902e-01 0.000000000000000000e+00
5.524999999999999911e-01 0.000000000000000000e+00
5.534999999999999920e-01 0.000000000000000000e+00
5.544999999999999929e-01 0.000000000000000000e+00
5.554999999999999938e-01 0.000000000000000000e+00
5.564999999999999947e-01 0.000000000000000000e+00
5.574999999999999956e-01 0.000000000000000000e+00
5.584999999999999964e-01 0.000000000000000000e+00
5.594999999999999973e-01 0.000000000000000000e+00
5.604999999999999982e-01 0.000000000000000000e+00
5.614999999999999991e-01 0.000000000000000000e+00
5.625000000000000000e-01 0.000000000000000000e+00
5.635000000000000009e-01 0.000000000000000000e+00
5.645000000000000018e-01 0.000000000000000000e+00
5.655000000000000027e-01 0.000000000000000000e+00
5.665000000000000036e-01 0.000000000000000000e+00
5.675000000000000044e-01 0.000000000000000000e+00
5.685000000000000053e-01 0.000000000000000000e+00
5.695000000000000062e-01 0.000000000000000000e+00
5.705000000000000071e-01 0.000000000000000000e+00
5.715000000000000080e-01 0.000000000000000000e+00
5.725000000000000089e-01 0.000000000000000000e+00
5.735000000000000098e-01 0.000000000000000000e+00
5.745000000000000107e-01 0.000000000000000000e+00
5.755000000000000115e-01 0.000000000000000000e+00
5.765000000000000124e-01 0.000000000000000000e+00
5.774999999999999023e-01 0.000000000000000000e+00
5.784999999999999032e-01 0.000000000000000000e+00
5.794999999999999041e-01 0.000000000000000000e+00
5.804999999999999050e-01 0.000000000000000000e+00
5.814999999999999059e-01 0.000000000000000000e+00
5.824999999999999067e-01 0.000000000000000000e+00
5.834999999999999076e-01 0.000000000000000000e+00
5.844999999999999085e-01 0.000000000000000000e+00
5.854999999999999094e-01 0.000000000000000000e+00
5.864999999999999103e-01 0.000000000000000000e+00
5.874999999999999112e-01 0.000000000000000000e+00
5.884999999999999121e-01 0.000000000000000000e+00
5.894999999999999130e-01 0.000000000000000000e+00
5.904999999999999138e-01 0.000000000000000000e+00
5.914999999999999147e-01 0.000000000000000000e+00
5.924999999999999156e-01 0.000000000000000000e+00
5.934999999999999165e-01 0.000000000000000000e+00
5.944999999999999174e-01 0.000000000000000000e+00
5.954999999999999183e-01 0.000000000000000000e+00
5.964999999999999192e-01 0.000000000000000000e+00
5.974999999999999201e-01 0.000000000000000000e+00
5.984999999999999210e-01 0.000000000000000000e+00
5.994999999999999218e-01 0.000000000000000000e+00
6.004999999999999227e-01 0.000000000000000000e+00
6.014999999999999236e-01 0.000000000000000000e+00
6.024999999999999245e-01 0.000000000000000000e+00
6.034999999999999254e-01 0.000000000000000000e+00
6.044999999999999263e-01 0.000000000000000000e+00
6.054999999999999272e-01 0.000000000000000000e+00
6.064999999999999281e-01 0.000000000000000000e+00
6.074999999999999289e-01 0.000000000000000000e+00
6.084999999999999298e-01 0.000000000000000000e+00
6.094999999999999307e-01 0.000000000000000000e+00
6.104999999999999316e-01 0.000000000000000000e+00
6.114999999999999325e-01 0.000000000000000000e+00
6.124999999999999334e-01 0.000000000000000000e+00
6.134999999999999343e-01 0.000000000000000000e+00
6.144999999999999352e-01 0.000000000000000000e+00
6.154999999999999361e-01 0.000000000000000000e+00
6.164999999999999369e-01 0.000000000000000000e+00
6.174999999999999378e-01 0.000000000000000000e+00
6.184999999999999387e-01 0.000000000000000000e+00
6.194999999999999396e-01 0.000000000000000000e+00
6.204999999999999405e-01 0.000000000000000000e+00
6.214999999999999414e-01 0.000000000000000000e+00
6.224999999999999423e-01 0.000000000000000000e+00
6.234999999999999432e-01 0.000000000000000000e+00
6.244999999999999440e-01 0.000000000000000000e+00
6.254999999999999449e-01 0.000000000000000000e+00
6.264999999999999458e-01 0.000000000000000000e+00
6.274999999999999467e-01 0.000000000000000000e+00
6.284999999999999476e-01 0.000000000000000000e+00
6.294999999999999485e-01 0.000000000000000000e+00
6.304999999999999494e-01 0.000000000000000000e+00
6.314999999999999503e-01 0.000000000000000000e+00
6.324999999999999512e-01 0.000000000000000000e+00
6.334999999999999520e-01 0.000000000000000000e+00
6.344999999999999529e-01 0.000000000000000000e+00
6.354999999999999538e-01 0.000000000000000000e+00
6.364999999999999547e-01 0.000000000000000000e+00
6.374999999999999556e-01 0.000000000000000000e+00
6.384999999999999565e-01 0.000000000000000000e+00
6.394999999999999574e-01 0.000000000000000000e+00
6.404999999999999583e-01 0.000000000000000000e+00
6.414999999999999591e-01 0.000000000000000000e+00
6.424999999999999600e-01 0.000000000000000000e+00
6.434999999999999609e-01 0.000000000000000000e+00
6.444999999999999618e-01 0.000000000000000000e+00
6.454999999999999627e-01 0.000000000000000000e+00
6.464999999999999636e-01 0.000000000000000000e+00
6.474999999999999645e-01 0.000000000000000000e+00
6.484999999999999654e-01 0.000000000000000000e+00
6.494999999999999662e-01 0.000000000000000000e+00
6.504999999999999671e-01 0.000000000000000000e+00
6.514999999999999680e-01 0.000000000000000000e+00
6.524999999999999689e-01 0.000000000000000000e+00
6.534999999999999698e-01 0.000000000000000000e+00
6.544999999999999707e-01 0.000000000000000000e+00
6.554999999999999716e-01 0.000000000000000000e+00
6.564999999999999725e-01 0.000000000000000000e+00
6.574999999999999734e-01 0.000000000000000000e+00
6.584999999999999742e-01 0.000000000000000000e+00
6.594999999999999751e-01 0.000000000000000000e+00
6.604999999999999760e-01 0.000000000000000000e+00
6.614999999999999769e-01 0.000000000000000000e+00
6.624999999999999778e-01 0.000000000000000000e+00
6.634999999999999787e-01 0.000000000000000000e+00
6.644999999999999796e-01 0.000000000000000000e+00
6.654999999999999805e-01 0.000000000000000000e+00
6.664999999999999813e-01 0.000000000000000000e+00
6.674999999999999822e-01 0.000000000000000000e+00
6.684999999999999831e-01 0.000000000000000000e+00
6.694999999999999840e-01 0.000000000000000000e+00
6.704999999999999849e-01 0.000000000000000000e+00
6.714999999999999858e-01 0.000000000000000000e+00
6.724999999999999867e-01 0.000000000000000000e+00
6.734999999999999876e-01 0.000000000000000000e+00
6.744999999999999885e-01 0.000000000000000000e+00
6.754999999999999893e-01 0.000000000000000000e+00
6.764999999999999902e-01 0.000000000000000000e+00
6.774999999999999911e-01 0.000000000000000000e+00
6.784999999999999920e-01 0.000000000000000000e+00
6.794999999999999929e-01 0.000000000000000000e+00
6.804999999999999938e-01 0.000000000000000000e+00
6.814999999999999947e-01 0.000000000000000000e+00
6.824999999999999956e-01 0.000000000000000000e+00
6.834999999999999964e-01 0.000000000000000000e+00
6.844999999999999973e-01 0.000000000000000000e+00
6.854999999999999982e-01 0.000000000000000000e+00
6.864999999999999991e-01 0.000000000000000000e+00
6.875000000000000000e-01 0.000000000000000000e+00
6.885000000000000009e-01 0.000000000000000000e+00
6.895000000000000018e-01 0.000000000000000000e+00
6.905000000000000027e-01 0.000000000000000000e+00
6.915000000000000036e-01 0.000000000000000000e+00
6.925000000000000044e-01 0.000000000000000000e+00
6.935000000000000053e-01 0.000000000000000000e+00
6.945000000000000062e-01 0.000000000000000000e+00
6.955000000000000071e-01 0.000000000000000000e+00
6.965000000000000080e-01 0.000000000000000000e+00
6.975000000000000089e-01 0.000000000000000000e+00
6.985000000000000098e-01 0.000000000000000000e+00
6.995000000000000107e-01 0.000000000000000000e+00
7.005000000000000115e-01 0.000000000000000000e+00
7.015000000000000124e-01 0.000000000000000000e+00
7.025000000000000133e-01 0.000000000000000000e+00
7.035000000000000142e-01 0.000000000000000000e+00
7.044999999999999041e-01 0.000000000000000000e+00
7.054999999999999050e-01 0.000000000000000000e+00
7.064999999999999059e-01 0.000000000000000000e+00
7.074999999999999067e-01 0.000000000000000000e+00
7.084999999999999076e-01 0.000000000000000000e+00
7.094999999999999085e-01 0.000000000000000000e+00
7.104999999999999094e-01 0.000000000000000000e+00
7.114999999999999103e-01 0.000000000000000000e+00
7.124999999999999112e-01 0.000000000000000000e+00
7.134999999999999121e-01 0.000000000000000000e+00
7.144999999999999130e-01 0.000000000000000000e+00
7.154999999999999138e-01 0.000000000000000000e+00
7.164999999999999147e-01 0.000000000000000000e+00
7.174999999999999156e-01 0.000000000000000000e+00
7.184999999999999165e-01 0.000000000000000000e+00
7.194999999999999174e-01 0.000000000000000000e+00
7.204999999999999183e-01 0.000000000000000000e+00
7.214999999999999192e-01 0.000000000000000000e+00
7.224999999999999201e-01 0.000000000000000000e+00
7.234999999999999210e-01 0.000000000000000000e+00
7.244999999999999218e-01 0.000000000000000000e+00
7.254999999999999227e-01 0.000000000000000000e+00
7.264999999999999236e-01 0.000000000000000000e+00
7.274999999999999245e-01 0.000000000000000000e+00
7.284999999999999254e-01 0.000000000000000000e+00
7.294999999999999263e-01 0.000000000000000000e+00
7.304999999999999272e-01 0.000000000000000000e+00
7.314999999999999281e-01 0.000000000000000000e+00
7.324999999999999289e-01 0.000000000000000000e+00
7.334999999999999298e-01 0.000000000000000000e+00
7.344999999999999307e-01 0.000000000000000000e+00
7.354999999999999316e-01 0.000000000000000000e+00
7.364999999999999325e-01 0.000000000000000000e+00
7.374999999999999334e-01 0.000000000000000000e+00
7.384999999999999343e-01 0.000000000000000000e+00
7.394999999999999352e-01 0.000000000000000000e+00
7.404999999999999361e-01 0.000000000000000000e+00
7.414999999999999369e-01 0.000000000000000000e+00
7.424999999999999378e-01 0.000000000000000000e+00
7.434999999999999387e-01 0.000000000000000000e+00
7.444999999999999396e-01 0.000000000000000000e+00
7.454999999999999405e-01 0.000000000000000000e+00
7.464999999999999414e-01 0.000000000000000000e+00
7.474999999999999423e-01 0.000000000000000000e+00
7.484999999999999432e-01 0.000000000000000000e+00
7.494999999999999440e-01 0.000000000000000000e+00
7.504999999999999449e-01 0.000000000000000000e+00
7.514999999999999458e-01 0.000000000000000000e+00
7.524999999999999467e-01 0.000000000000000000e+00
7.534999999999999476e-01 0.000000000000000000e+00
7.544999999999999485e-01 0.000000000000000000e+00
7.554999999999999494e-01 0.000000000000000000e+00
7.564999999999999503e-01 0.000000000000000000e+00
7.574999999999999512e-01 0.000000000000000000e+00
7.584999999999999520e-01 0.000000000000000000e+00
7.594999999999999529e-01 0.000000000000000000e+00
7.604999999999999538e-01 0.000000000000000000e+00
7.614999999999999547e-01 0.000000000000000000e+00
7.624999999999999556e-01 0.000000000000000000e+00
7.634999999999999565e-01 0.000000000000000000e+00
7.644999999999999574e-01 0.000000000000000000e+00
7.654999999999999583e-01 0.000000000000000000e+00
7.664999999999999591e-01 0.000000000000000000e+00
7.674999999999999600e-01 0.000000000000000000e+00
7.684999999999999609e-01 0.000000000000000000e+00
7.694999999999999618e-01 0.000000000000000000e+00
7.704999999999999627e-01 0.000000000000000000e+00
7.714999999999999636e-01 0.000000000000000000e+00
7.724999999999999645e-01 0.000000000000000000e+00
7.734999999999999654e-01 0.000000000000000000e+00
7.744999999999999662e-01 0.000000000000000000e+00
7.754999999999999671e-01 0.000000000000000000e+00
7.764999999999999680e-01 0.000000000000000000e+00
7.774999999999999689e-01 0.000000000000000000e+00
7.784999999999999698e-01 0.000000000000000000e+00
7.794999999999999707e-01 0.000000000000000000e+00
7.804999999999999716e-01 0.000000000000000000e+00
7.814999999999999725e-01 0.000000000000000000e+00
7.824999999999999734e-01 0.000000000000000000e+00
7.834999999999999742e-01 0.000000000000000000e+00
7.844999999999999751e-01 0.000000000000000000e+00
7.854999999999999760e-01 0.000000000000000000e+00
7.864999999999999769e-01 0.000000000000000000e+00
7.874999999999999778e-01 0.000000000000000000e+00
7.884999999999999787e-01 0.000000000000000000e+00
7.894999999999999796e-01 0.000000000000000000e+00
7.904999999999999805e-01 0.000000000000000000e+00
7.914999999999999813e-01 0.000000000000000000e+00
7.924999999999999822e-01 0.000000000000000000e+00
7.934999999999999831e-01 0.000000000000000000e+00
7.944999999999999840e-01 0.000000000000000000e+00
7.954999999999999849e-01 0.000000000000000000e+00
7.964999999999999858e-01 0.000000000000000000e+00
7.974999999999999867e-01 0.000000000000000000e+00
7.984999999999999876e-01 0.000000000000000000e+00
7.994999999999999885e-01 0.000000000000000000e+00
8.004999999999999893e-01 0.000000000000000000e+00
8.014999999999999902e-01 0.000000000000000000e+00
8.024999999999999911e-01 0.000000000000000000e+00
8.034999999999999920e-01 0.000000000000000000e+00
8.044999999999999929e-01 0.000000000000000000e+00
8.054999999999999938e-01 0.000000000000000000e+00
8.064999999999999947e-01 0.000000000000000000e+00
8.074999999999999956e-01 0.000000000000000000e+00
8.084999999999999964e-01 0.000000000000000000e+00
8.094999999999999973e-01 0.000000000000000000e+00
8.104999999999999982e-01 0.000000000000000000e+00
8.114999999999999991e-01 0.000000000000000000e+00
8.125000000000000000e-01 0.000000000000000000e+00
8.135000000000000009e-01 0.000000000000000000e+00
8.145000000000000018e-01 0.000000000000000000e+00
8.155000000000000027e-01 0.000000000000000000e+00
8.165000000000000036e-01 0.000000000000000000e+00
8.175000000000000044e-01 0.000000000000000000e+00
8.185000000000000053e-01 0.000000000000000000e+00
8.195000000000000062e-01 0.000000000000000000e+00
8.205000000000000071e-01 0.000000000000000000e+00
8.215000000000000080e-01 0.000000000000000000e+00
8.225000000000000089e-01 0.000000000000000000e+00
8.235000000000000098e-01 0.000000000000000000e+00
8.245000000000000107e-01 0.000000000000000000e+00
8.255000000000000115e-01 0.000000000000000000e+00
8.265000000000000124e-01 0.000000000000000000e+00
8.275000000000000133e-01 0.000000000000000000e+00
8.285000000000000142e-01 0.000000000000000000e+00
8.295000000000000151e-01 0.000000000000000000e+00
8.305000000000000160e-01 0.000000000000000000e+00
8.315000000000000169e-01 0.000000000000000000e+00
8.325000000000000178e-01 0.000000000000000000e+00
8.334999999999999076e-01 0.000000000000000000e+00
8.344999999999999085e-01 0.000000000000000000e+00
8.354999999999999094e-01 0.000000000000000000e+00
8.364999999999999103e-01 0.000000000000000000e+00
8.374999999999999112e-01 0.000000000000000000e+00
8.384999999999999121e-01 0.000000000000000000e+00
8.394999999999999130e-01 0.000000000000000000e+00
8.404999999999999138e-01 0.000000000000000000e+00
8.414999999999999147e-01 0.000000000000000000e+00
8.424999999999999156e-01 0.000000000000000000e+00
8.434999999999999165e-01 0.000000000000000000e+00
8.444999999999999174e-01 0.000000000000000000e+00
8.454999999999999183e-01 0.000000000000000000e+00
8.464999999999999192e-01 0.000000000000000000e+00
8.474999999999999201e-01 0.000000000000000000e+00
8.484999999999999210e-01 0.000000000000000000e+00
8.494999999999999218e-01 0.000000000000000000e+00
8.504999999999999227e-01 0.000000000000000000e+00
8.514999999999999236e-01 0.000000000000000000e+00
8.524999999999999245e-01 0.000000000000000000e+00
8.534999999999999254e-01 0.000000000000000000e+00
8.544999999999999263e-01 0.000000000000000000e+00
8.554999999999999272e-01 0.000000000000000000e+00
8.564999999999999281e-01 0.000000000000000000e+00
8.574999999999999289e-01 0.000000000000000000e+00
8.584999999999999298e-01 0.000000000000000000e+00
8.594999999999999307e-01 0.000000000000000000e+00
8.604999999999999316e-01 0.000000000000000000e+00
8.614999999999999325e-01 0.000000000000000000e+00
8.624999999999999334e-01 0.000000000000000000e+00
8.634999999999999343e-01 0.000000000000000000e+00
8.644999999999999352e-01 0.000000000000000000e+00
8.654999999999999361e-01 0.000000000000000000e+00
8.664999999999999369e-01 0.000000000000000000e+00
8.674999999999999378e-01 0.000000000000000000e+00
8.684999999999999387e-01 0.000000000000000000e+00
8.694999999999999396e-01 0.000000000000000000e+00
8.704999999999999405e-01 0.000000000000000000e+00
8.714999999999999414e-01 0.000000000000000000e+00
8.724999999999999423e-01 0.000000000000000000e+00
8.734999999999999432e-01 0.000000000000000000e+00
8.744999999999999440e-01 0.000000000000000000e+00
8.754999999999999449e-01 0.000000000000000000e+00
8.764999999999999458e-01 0.000000000000000000e+00
8.774999999999999467e-01 0.000000000000000000e+00
8.784999999999999476e-01 0.000000000000000000e+00
8.794999999999999485e-01 0.000000000000000000e+00
8.804999999999999494e-01 0.000000000000000000e+00
8.814999999999999503e-01 0.000000000000000000e+00
8.824999999999999512e-01 0.000000000000000000e+00
8.834999999999999520e-01 0.000000000000000000e+00
8.844999999999999529e-01 0.000000000000000000e+00
8.854999999999999538e-01 0.000000000000000000e+00
8.864999999999999547e-01 0.000000000000000000e+00
8.874999999999999556e-01 0.000000000000000000e+00
8.884999999999999565e-01 0.000000000000000000e+00
8.894999999999999574e-01 0.000000000000000000e+00
8.904999999999999583e-01 0.000000000000000000e+00
8.914999999999999591e-01 0.000000000000000000e+00
8.924999999999999600e-01 0.000000000000000000e+00
8.934999999999999609e-01 0.000000000000000000e+00
8.944999999999999618e-01 0.000000000000000000e+00
8.954999999999999627e-01 0.000000000000000000e+00
8.964999999999999636e-01 0.000000000000000000e+00
8.974999999999999645e-01 0.000000000000000000e+00
8.984999999999999654e-01 0.000000000000000000e+00
8.994999999999999662e-01 0.000000000000000000e+00
9.004999999999999671e-01 0.000000000000000000e+00
9.014999999999999680e-01 0.000000000000000000e+00
9.024999999999999689e-01 0.000000000000000000e+00
9.034999999999999698e-01 0.000000000000000000e+00
9.044999999999999707e-01 0.000000000000000000e+00
9.054999999999999716e-01 0.000000000000000000e+00
9.064999999999999725e-01 0.000000000000000000e+00
9.074999999999999734e-01 0.000000000000000000e+00
9.084999999999999742e-01 0.000000000000000000e+00
9.094999999999999751e-01 0.000000000000000000e+00
9.104999999999999760e-01 0.000000000000000000e+00
9.114999999999999769e-01 0.000000000000000000e+00
9.124999999999999778e-01 0.000000000000000000e+00
9.134999999999999787e-01 0.000000000000000000e+00
9.144999999999999796e-01 0.000000000000000000e+00
9.154999999999999805e-01 0.000000000000000000e+00
9.164999999999999813e-01 0.000000000000000000e+00
9.174999999999999822e-01 0.000000000000000000e+00
9.184999999999999831e-01 0.000000000000000000e+00
9.194999999999999840e-01 0.000000000000000000e+00
9.204999999999999849e-01 0.000000000000000000e+00
9.214999999999999858e-01 0.000000000000000000e+00
9.224999999999999867e-01 0.000000000000000000e+00
9.234999999999999876e-01 0.000000000000000000e+00
9.244999999999999885e-01 0.000000000000000000e+00
9.254999999999999893e-01 0.000000000000000000e+00
9.264999999999999902e-01 0.000000000000000000e+00
9.274999999999999911e-01 0.000000000000000000e+00
9.284999999999999920e-01 0.000000000000000000e+00
9.294999999999999929e-01 0.000000000000000000e+00
9.304999999999999938e-01 0.000000000000000000e+00
9.314999999999999947e-01 0.000000000000000000e+00
9.324999999999999956e-01 0.000000000000000000e+00
9.334999999999999964e-01 0.000000000000000000e+00
9.344999999999999973e-01 0.000000000000000000e+00
9.354999999999999982e-01 0.000000000000000000e+00
9.364999999999999991e-01 0.000000000000000000e+00
9.375000000000000000e-01 0.000000000000000000e+00
9.385000000000000009e-01 0.000000000000000000e+00
9.395000000000000018e-01 0.000000000000000000e+00
9.405000000000000027e-01 0.000000000000000000e+00
9.415000000000000036e-01 0.000000000000000000e+00
9.425000000000000044e-01 0.000000000000000000e+00
9.435000000000000053e-01 0.000000000000000000e+00
9.445000000000000062e-01 0.000000000000000000e+00
9.455000000000000071e-01 0.000000000000000000e+00
9.465000000000000080e-01 0.000000000000000000e+00
9.475000000000000089e-01 0.000000000000000000e+00
9.485000000000000098e-01 0.000000000000000000e+00
9.495000000000000107e-01 0.000000000000000000e+00
9.505000000000000115e-01 0.000000000000000000e+00
9.515000000000000124e-01 0.000000000000000000e+00
9.525000000000000133e-01 0.000000000000000000e+00
9.535000000000000142e-01 0.000000000000000000e+00
9.545000000000000151e-01 0.000000000000000000e+00
9.555000000000000160e-01 0.000000000000000000e+00
9.565000000000000169e-01 0.000000000000000000e+00
9.575000000000000178e-01 0.000000000000000000e+00
9.585000000000000187e-01 0.000000000000000000e+00
9.595000000000000195e-01 0.000000000000000000e+00
9.604999999999999094e-01 0.000000000000000000e+00
9.614999999999999103e-01 0.000000000000000000e+00
9.624999999999999112e-01 0.000000000000000000e+00
9.634999999999999121e-01 0.000000000000000000e+00
9.644999999999999130e-01 0.000000000000000000e+00
9.654999999999999138e-01 0.000000000000000000e+00
9.664999999999999147e-01 0.000000000000000000e+00
9.674999999999999156e-01 0.000000000000000000e+00
9.684999999999999165e-01 0.000000000000000000e+00
9.694999999999999174e-01 0.000000000000000000e+00
9.704999999999999183e-01 0.000000000000000000e+00
9.714999999999999192e-01 0.000000000000000000e+00
9.724999999999999201e-01 0.000000000000000000e+00
9.734999999999999210e-01 0.000000000000000000e+00
9.744999999999999218e-01 0.000000000000000000e+00
9.754999999999999227e-01 0.000000000000000000e+00
9.764999999999999236e-01 0.000000000000000000e+00
9.774999999999999245e-01 0.000000000000000000e+00
9.784999999999999254e-01 0.000000000000000000e+00
9.794999999999999263e-01 0.000000000000000000e+00
9.804999999999999272e-01 0.000000000000000000e+00
9.814999999999999281e-01 0.000000000000000000e+00
9.824999999999999289e-01 0.000000000000000000e+00
9.834999999999999298e-01 0.000000000000000000e+00
9.844999999999999307e-01 0.000000000000000000e+00
9.854999999999999316e-01 0.000000000000000000e+00
9.864999999999999325e-01 0.000000000000000000e+00
9.874999999999999334e-01 0.000000000000000000e+00
9.884999999999999343e-01 0.000000000000000000e+00
9.894999999999999352e-01 0.000000000000000000e+00
9.904999999999999361e-01 0.000000000000000000e+00
9.914999999999999369e-01 0.000000000000000000e+00
9.924999999999999378e-01 0.000000000000000000e+00
9.934999999999999387e-01 0.000000000000000000e+00
9.944999999999999396e-01 0.000000000000000000e+00
9.954999999999999405e-01 0.000000000000000000e+00
9.964999999999999414e-01 0.000000000000000000e+00
9.974999999999999423e-01 0.000000000000000000e+00
9.984999999999999432e-01 0.000000000000000000e+00
9.994999999999999440e-01 0.000000000000000000e+00
