5.000000000000000104e-04 0.000000000000000000e+00
1.500000000000000031e-03 0.000000000000000000e+00
2.500000000000000052e-03 0.000000000000000000e+00
3.500000000000000073e-03 1.938063293843132473e-01
4.500000000000000527e-03 1.658017249261351522e-01
5.499999999999999681e-03 1.433330335356589880e-01
6.500000000000000569e-03 1.262188456792383839e-01
7.499999999999999722e-03 1.142777518232273165e-01
8.500000000000000611e-03 1.073283424339794706e-01
9.500000000000001499e-03 1.051892079778485867e-01
1.050000000000000065e-02 1.076789389211884607e-01
1.149999999999999981e-02 1.146161257303528469e-01
1.250000000000000069e-02 1.258193588716955413e-01
1.350000000000000158e-02 1.411072288115702567e-01
1.450000000000000074e-02 1.602983260163309276e-01
1.549999999999999989e-02 1.832112409523311003e-01
1.650000000000000078e-02 2.096645640859246540e-01
1.750000000000000167e-02 2.394768858834655234e-01
1.850000000000000255e-02 2.724667968113071437e-01
1.949999999999999997e-02 3.084528873358035606e-01
2.050000000000000086e-02 3.472537479233084312e-01
2.150000000000000175e-02 3.886879690401757736e-01
2.249999999999999917e-02 4.325741411527462832e-01
2.350000000000000006e-02 4.735751984929129077e-01
2.450000000000000094e-02 5.305308472474441484e-01
2.550000000000000183e-02 6.075193534555149988e-01
2.650000000000000272e-02 6.585220847953786594e-01
2.750000000000000014e-02 7.334151258162248110e-01
2.850000000000000103e-02 7.901186240461978150e-01
2.950000000000000192e-02 8.391476083172411116e-01
3.049999999999999933e-02 8.880269593547978069e-01
3.150000000000000022e-02 9.200981089833610849e-01
3.250000000000000111e-02 9.744840054716171762e-01
3.350000000000000200e-02 1.007140015394857979e+00
3.450000000000000289e-02 1.022727570188483037e+00
3.550000000000000377e-02 1.019537653545904199e+00
3.650000000000000466e-02 1.049512732052450881e+00
3.749999999999999861e-02 1.060852182011653877e+00
3.849999999999999950e-02 1.111195070989815292e+00
3.950000000000000039e-02 1.137467110081670008e+00
4.050000000000000128e-02 1.199495456694278150e+00
4.150000000000000216e-02 1.241697332400639509e+00
4.250000000000000305e-02 1.324718658624711498e+00
4.350000000000000394e-02 1.371382852155656140e+00
4.449999999999999789e-02 1.420553718851730540e+00
4.549999999999999878e-02 1.464385993188898283e+00
4.649999999999999967e-02 1.499589553240023632e+00
4.750000000000000056e-02 1.526727795456412018e+00
4.850000000000000144e-02 1.569078480153043742e+00
4.950000000000000233e-02 1.581414688548856029e+00
5.050000000000000322e-02 1.636256278083103144e+00
5.150000000000000411e-02 1.632623547731934410e+00
5.250000000000000500e-02 1.656545261165337291e+00
5.349999999999999895e-02 1.671558614959743894e+00
5.449999999999999983e-02 1.713758928987356267e+00
5.550000000000000072e-02 1.798808069712880542e+00
5.650000000000000161e-02 1.883225141377259382e+00
5.750000000000000250e-02 1.916890485677379186e+00
5.850000000000000339e-02 1.955057151094127921e+00
5.950000000000000427e-02 1.971262820399546367e+00
6.049999999999999822e-02 2.048906123810125379e+00
6.149999999999999911e-02 2.155023605245687257e+00
6.250000000000000000e-02 2.236001846552047923e+00
6.350000000000000089e-02 2.320113147189859060e+00
6.450000000000000178e-02 2.390213904082469476e+00
6.550000000000000266e-02 2.479962062249659205e+00
6.650000000000000355e-02 2.592901544348524379e+00
6.750000000000000444e-02 2.701293813290678081e+00
6.850000000000000533e-02 2.850673426538075539e+00
6.950000000000000622e-02 3.007102914045454156e+00
7.050000000000000711e-02 3.166159114268071839e+00
7.150000000000000799e-02 3.277914659945706077e+00
7.250000000000000888e-02 3.410466351829666287e+00
7.349999999999999589e-02 3.553331588483466419e+00
7.449999999999999678e-02 3.714659763128167036e+00
7.549999999999999767e-02 3.846761095911277906e+00
7.649999999999999856e-02 4.015071052356447900e+00
7.749999999999999944e-02 4.158359747184753097e+00
7.850000000000000033e-02 4.328854035815499657e+00
7.950000000000000122e-02 4.424585108177796045e+00
8.050000000000000211e-02 4.536501454338228712e+00
8.150000000000000300e-02 4.603810358508316547e+00
8.250000000000000389e-02 4.675403546547110878e+00
8.350000000000000477e-02 4.749280108317440963e+00
8.450000000000000566e-02 4.809532990352986204e+00
8.550000000000000655e-02 4.880186611604780289e+00
8.650000000000000744e-02 4.894350729308342807e+00
8.750000000000000833e-02 4.876550952139055539e+00
8.849999999999999534e-02 4.877220109566433592e+00
8.949999999999999623e-02 4.943897522247294951e+00
9.049999999999999711e-02 5.041581234520088550e+00
9.149999999999999800e-02 5.128923645912125906e+00
9.249999999999999889e-02 5.286006182435714074e+00
9.349999999999999978e-02 5.442292922879228279e+00
9.450000000000000067e-02 5.587231444928402624e+00
9.550000000000000155e-02 5.718015150588003692e+00
9.650000000000000244e-02 5.907960244305242803e+00
9.750000000000000333e-02 6.114766646822734408e+00
9.850000000000000422e-02 6.322342737795791479e+00
9.950000000000000511e-02 6.506820747458223586e+00
1.005000000000000060e-01 6.720670637425105731e+00
1.015000000000000069e-01 6.964461637451886844e+00
1.025000000000000078e-01 7.197757455804513427e+00
1.035000000000000087e-01 7.464983444622006914e+00
1.045000000000000095e-01 7.770713249569729086e+00
1.054999999999999966e-01 7.999607955528177605e+00
1.064999999999999974e-01 8.266926477034576948e+00
1.074999999999999983e-01 8.467012954406026637e+00
1.084999999999999992e-01 8.657662723643140268e+00
1.095000000000000001e-01 8.821182876424991548e+00
1.105000000000000010e-01 8.963244650419385451e+00
1.115000000000000019e-01 9.127101200148981519e+00
1.125000000000000028e-01 9.270052034331556001e+00
1.135000000000000037e-01 9.409030335088104380e+00
1.145000000000000046e-01 9.628740406942823071e+00
1.155000000000000054e-01 9.806790585549077122e+00
1.165000000000000063e-01 9.863586083589055420e+00
1.175000000000000072e-01 9.874089242115298148e+00
1.185000000000000081e-01 9.973694369318193864e+00
1.195000000000000090e-01 1.002858730430548917e+01
1.204999999999999960e-01 1.016270753102645585e+01
1.214999999999999969e-01 1.031532170241007940e+01
1.224999999999999978e-01 1.046764885666386924e+01
1.234999999999999987e-01 1.066861813375671098e+01
1.244999999999999996e-01 1.078577704751169719e+01
1.255000000000000004e-01 1.094488761168811131e+01
1.265000000000000013e-01 1.117530751654299692e+01
1.275000000000000022e-01 1.141032484721061024e+01
1.285000000000000031e-01 1.156147654125449797e+01
1.295000000000000040e-01 1.168804707314601643e+01
1.305000000000000049e-01 1.175922938238846704e+01
1.315000000000000058e-01 1.177395551449624023e+01
1.325000000000000067e-01 1.179325306878957669e+01
1.335000000000000075e-01 1.179306682592133626e+01
1.345000000000000084e-01 1.180062207386392359e+01
1.355000000000000093e-01 1.172996209588340299e+01
1.365000000000000102e-01 1.164023111790141662e+01
1.375000000000000111e-01 1.156144950281083617e+01
1.385000000000000120e-01 1.145986255886273320e+01
1.395000000000000129e-01 1.130313617791814274e+01
1.405000000000000138e-01 1.115084613093913291e+01
1.415000000000000147e-01 1.088218223393366202e+01
1.425000000000000155e-01 1.064539539232059617e+01
1.435000000000000164e-01 1.036025050471052467e+01
1.445000000000000173e-01 1.005987261237341812e+01
1.454999999999999905e-01 9.766854307766713816e+00
1.464999999999999913e-01 9.461967460394069107e+00
1.474999999999999922e-01 9.158204696836856229e+00
1.484999999999999931e-01 8.824504935840957742e+00
1.494999999999999940e-01 8.585886961862803091e+00
1.504999999999999949e-01 8.322503094692802250e+00
1.514999999999999958e-01 8.068279944821544092e+00
1.524999999999999967e-01 7.834877894496789175e+00
1.534999999999999976e-01 7.518373773054308096e+00
1.544999999999999984e-01 7.185913752065869353e+00
1.554999999999999993e-01 6.932304737304830766e+00
1.565000000000000002e-01 6.798285356182344863e+00
1.575000000000000011e-01 6.572751090668859320e+00
1.585000000000000020e-01 6.453370030099772947e+00
1.595000000000000029e-01 6.302942434149581885e+00
1.605000000000000038e-01 6.160446491116257306e+00
1.615000000000000047e-01 6.024858604379010885e+00
1.625000000000000056e-01 5.831515992164476359e+00
1.635000000000000064e-01 5.698062846362299538e+00
1.645000000000000073e-01 5.545421003096903334e+00
1.655000000000000082e-01 5.352408637377153333e+00
1.665000000000000091e-01 5.160212350652574997e+00
1.675000000000000100e-01 4.945947047262507112e+00
1.685000000000000109e-01 4.761850598606733875e+00
1.695000000000000118e-01 4.611956217538733860e+00
1.705000000000000127e-01 4.478627121629527252e+00
1.715000000000000135e-01 4.367163315935222556e+00
1.725000000000000144e-01 4.243982728785890224e+00
1.735000000000000153e-01 4.086955544620541225e+00
1.745000000000000162e-01 3.928617634112469226e+00
1.755000000000000171e-01 3.809137730537749178e+00
1.764999999999999902e-01 3.705026653048165919e+00
1.774999999999999911e-01 3.581996140046600274e+00
1.784999999999999920e-01 3.479865511866345962e+00
1.794999999999999929e-01 3.321596927174357283e+00
1.804999999999999938e-01 3.265811837863585421e+00
1.814999999999999947e-01 3.161391562592824833e+00
1.824999999999999956e-01 3.061737282475100130e+00
1.834999999999999964e-01 2.998523339781595354e+00
1.844999999999999973e-01 2.887967907694910963e+00
1.854999999999999982e-01 2.843902545283930383e+00
1.864999999999999991e-01 2.780053413609703039e+00
1.875000000000000000e-01 2.765296493138551526e+00
1.885000000000000009e-01 2.692113920948820294e+00
1.895000000000000018e-01 2.616041426564760020e+00
1.905000000000000027e-01 2.526107512855637172e+00
1.915000000000000036e-01 2.420241406691915564e+00
1.925000000000000044e-01 2.310813363988380331e+00
1.935000000000000053e-01 2.222446717380508474e+00
1.945000000000000062e-01 2.159976682980721652e+00
1.955000000000000071e-01 2.054428671096126813e+00
1.965000000000000080e-01 1.989741377756286456e+00
1.975000000000000089e-01 1.901957426408009688e+00
1.985000000000000098e-01 1.848302059517059615e+00
1.995000000000000107e-01 1.818663256771364978e+00
2.005000000000000115e-01 1.778978633593766512e+00
2.015000000000000124e-01 1.750833887274660050e+00
2.025000000000000133e-01 1.703217229570172409e+00
2.035000000000000142e-01 1.623719865393778328e+00
2.045000000000000151e-01 1.563445255653924004e+00
2.055000000000000160e-01 1.507332646984690161e+00
2.065000000000000169e-01 1.483897734687905645e+00
2.075000000000000178e-01 1.430225674938016223e+00
2.085000000000000187e-01 1.398587038986038866e+00
2.094999999999999918e-01 1.362377379648211040e+00
2.104999999999999927e-01 1.309117057317119137e+00
2.114999999999999936e-01 1.254161216843896032e+00
2.124999999999999944e-01 1.204480003502493846e+00
2.134999999999999953e-01 1.203152160576186347e+00
2.144999999999999962e-01 1.173180767528355206e+00
2.154999999999999971e-01 1.129600823347479466e+00
2.164999999999999980e-01 1.085445213610100712e+00
2.174999999999999989e-01 1.036446210648791055e+00
2.184999999999999998e-01 9.859405512551632222e-01
2.195000000000000007e-01 9.293939102046797629e-01
2.205000000000000016e-01 8.834154268644626162e-01
2.215000000000000024e-01 8.367177238502370162e-01
2.225000000000000033e-01 8.014709868625891076e-01
2.235000000000000042e-01 7.779218038587207840e-01
2.245000000000000051e-01 7.356069320570406411e-01
2.255000000000000060e-01 6.982620010268907329e-01
2.265000000000000069e-01 6.485773592118860842e-01
2.275000000000000078e-01 6.122276730705998871e-01
2.285000000000000087e-01 5.637399742175598361e-01
2.295000000000000095e-01 5.165924716252732196e-01
2.305000000000000104e-01 4.889222375694803335e-01
2.315000000000000113e-01 4.611120807075534955e-01
2.325000000000000122e-01 4.387130117902277027e-01
2.335000000000000131e-01 4.039029088357615205e-01
2.345000000000000140e-01 3.658839050008453331e-01
2.355000000000000149e-01 3.600082842381589487e-01
2.365000000000000158e-01 3.489224648314723787e-01
2.375000000000000167e-01 3.546717933126732336e-01
2.385000000000000175e-01 3.172283974489610303e-01
2.395000000000000184e-01 3.104892680377319691e-01
2.404999999999999916e-01 3.065646429964918318e-01
2.414999999999999925e-01 2.943984066156445922e-01
2.424999999999999933e-01 3.040307208148280704e-01
2.434999999999999942e-01 3.037486242192640185e-01
2.444999999999999951e-01 3.009703358412848528e-01
2.454999999999999960e-01 3.025360885353021168e-01
2.464999999999999969e-01 3.075262090841432983e-01
2.474999999999999978e-01 3.023420707931259166e-01
2.484999999999999987e-01 3.066683042580912733e-01
2.494999999999999996e-01 2.994080141993268884e-01
2.505000000000000004e-01 2.845563298239867089e-01
2.515000000000000013e-01 2.874891900188951133e-01
2.525000000000000022e-01 2.883325850702502247e-01
2.535000000000000031e-01 2.855368827279616273e-01
2.545000000000000040e-01 2.670498964313880452e-01
2.555000000000000049e-01 2.734817893992810833e-01
2.565000000000000058e-01 2.735908593809368572e-01
2.575000000000000067e-01 2.732561470178044849e-01
2.585000000000000075e-01 2.708116926123666501e-01
2.595000000000000084e-01 2.661761229896077996e-01
2.605000000000000093e-01 2.582867213471715107e-01
2.615000000000000102e-01 2.508684490469967887e-01
2.625000000000000111e-01 2.539733225265471406e-01
2.635000000000000120e-01 2.564749531109307701e-01
2.645000000000000129e-01 2.484945950694714689e-01
2.655000000000000138e-01 2.403194990399412645e-01
2.665000000000000147e-01 2.226158635244337436e-01
2.675000000000000155e-01 2.139914715732423312e-01
2.685000000000000164e-01 2.110762857656802161e-01
2.695000000000000173e-01 2.030620074085783822e-01
2.705000000000000182e-01 2.013316329749118838e-01
2.715000000000000191e-01 1.866517177913295245e-01
2.725000000000000200e-01 1.738083901050019309e-01
2.735000000000000209e-01 1.625838932815740767e-01
2.745000000000000218e-01 1.528526948216371584e-01
2.755000000000000226e-01 1.518338116000031990e-01
2.765000000000000235e-01 1.426740380125053609e-01
2.775000000000000244e-01 1.638098540739984510e-01
2.785000000000000253e-01 1.686659280949776296e-01
2.795000000000000262e-01 1.667298546995873987e-01
2.805000000000000271e-01 1.649408189021068227e-01
2.815000000000000280e-01 1.630493105066289916e-01
2.825000000000000289e-01 1.798923071839224064e-01
2.835000000000000298e-01 1.764273606065931976e-01
2.845000000000000306e-01 1.696336265865103776e-01
2.855000000000000315e-01 1.684640013996491215e-01
2.865000000000000324e-01 1.672480475558657809e-01
2.875000000000000333e-01 1.546885328505865631e-01
2.885000000000000342e-01 1.531730134401074195e-01
2.894999999999999796e-01 1.642196997729591934e-01
2.904999999999999805e-01 1.631518131865173915e-01
2.914999999999999813e-01 1.637802715638732864e-01
2.924999999999999822e-01 1.615328284763367095e-01
2.934999999999999831e-01 1.843537045033031563e-01
2.944999999999999840e-01 1.825137710427247872e-01
2.954999999999999849e-01 1.694996625689053626e-01
2.964999999999999858e-01 1.713512325559485294e-01
2.974999999999999867e-01 1.684690035847393186e-01
2.984999999999999876e-01 1.686706535268585327e-01
2.994999999999999885e-01 1.697093022554702624e-01
3.004999999999999893e-01 1.642093266850041255e-01
3.014999999999999902e-01 1.576433476530739730e-01
3.024999999999999911e-01 1.498829843370198533e-01
3.034999999999999920e-01 1.423266749341836335e-01
3.044999999999999929e-01 1.368474601508192223e-01
3.054999999999999938e-01 1.318950975046412344e-01
3.064999999999999947e-01 1.244476071147211094e-01
3.074999999999999956e-01 1.190461496656759210e-01
3.084999999999999964e-01 1.047546223540881949e-01
3.094999999999999973e-01 1.031739851512057521e-01
3.104999999999999982e-01 9.806492089178678317e-02
3.114999999999999991e-01 9.703860916744666554e-02
3.125000000000000000e-01 9.957561602994027816e-02
3.135000000000000009e-01 9.583640531631251736e-02
3.145000000000000018e-01 9.393244990286926666e-02
3.155000000000000027e-01 8.489222510125811472e-02
3.165000000000000036e-01 9.290560186177437840e-02
3.175000000000000044e-01 8.840273969396057752e-02
3.185000000000000053e-01 8.553582669154682905e-02
3.195000000000000062e-01 8.285246208138274948e-02
3.205000000000000071e-01 8.336607905562393173e-02
3.215000000000000080e-01 7.965719946090944747e-02
3.225000000000000089e-01 7.986175960900195048e-02
3.235000000000000098e-01 8.155117628861652257e-02
3.245000000000000107e-01 7.866954121944474965e-02
3.255000000000000115e-01 7.634165405692490414e-02
3.265000000000000124e-01 7.828627757900717687e-02
3.275000000000000133e-01 8.222833033626299193e-02
3.285000000000000142e-01 8.330299909498924127e-02
3.295000000000000151e-01 8.248767816287298771e-02
3.305000000000000160e-01 8.293602263798940943e-02
3.315000000000000169e-01 8.129322941760493137e-02
3.325000000000000178e-01 7.730275172689110574e-02
3.335000000000000187e-01 7.786605772902990830e-02
3.345000000000000195e-01 7.834408613312054959e-02
3.355000000000000204e-01 7.868205104745563949e-02
3.365000000000000213e-01 7.882516658032556744e-02
3.375000000000000222e-01 7.871864684002077839e-02
3.385000000000000231e-01 7.830770593483164788e-02
3.395000000000000240e-01 7.753755797304870412e-02
3.405000000000000249e-01 7.635341706296239206e-02
3.415000000000000258e-01 7.470049731286299011e-02
3.425000000000000266e-01 7.252401283104106811e-02
3.435000000000000275e-01 6.976917772578705712e-02
3.445000000000000284e-01 6.638120610539131883e-02
3.455000000000000293e-01 6.230531207814433287e-02
3.465000000000000302e-01 5.748670975233650948e-02
3.475000000000000311e-01 5.187061323625831444e-02
3.485000000000000320e-01 4.540223663820019268e-02
3.495000000000000329e-01 3.802679406645249893e-02
3.505000000000000338e-01 2.968949962930574060e-02
3.515000000000000346e-01 2.033556743505038344e-02
3.524999999999999800e-01 0.000000000000000000e+00
3.534999999999999809e-01 0.000000000000000000e+00
3.544999999999999818e-01 0.000000000000000000e+00
3.554999999999999827e-01 0.000000000000000000e+00
3.564999999999999836e-01 0.000000000000000000e+00
3.574999999999999845e-01 0.000000000000000000e+00
3.584999999999999853e-01 0.000000000000000000e+00
3.594999999999999862e-01 0.000000000000000000e+00
3.604999999999999871e-01 0.000000000000000000e+00
3.614999999999999880e-01 0.000000000000000000e+00
3.624999999999999889e-01 0.000000000000000000e+00
3.634999999999999898e-01 0.000000000000000000e+00
3.644999999999999907e-01 0.000000000000000000e+00
3.654999999999999916e-01 0.000000000000000000e+00
3.664999999999999925e-01 0.000000000000000000e+00
3.674999999999999933e-01 0.000000000000000000e+00
3.684999999999999942e-01 0.000000000000000000e+00
3.694999999999999951e-01 0.000000000000000000e+00
3.704999999999999960e-01 0.000000000000000000e+00
3.714999999999999969e-01 0.000000000000000000e+00
3.724999999999999978e-01 0.000000000000000000e+00
3.734999999999999987e-01 0.000000000000000000e+00
3.744999999999999996e-01 0.000000000000000000e+00
3.755000000000000004e-01 0.000000000000000000e+00
3.765000000000000013e-01 0.000000000000000000e+00
3.775000000000000022e-01 0.000000000000000000e+00
3.785000000000000031e-01 0.000000000000000000e+00
3.795000000000000040e-01 0.000000000000000000e+00
3.805000000000000049e-01 0.000000000000000000e+00
3.815000000000000058e-01 0.000000000000000000e+00
3.825000000000000067e-01 0.000000000000000000e+00
3.835000000000000075e-01 0.000000000000000000e+00
3.845000000000000084e-01 0.000000000000000000e+00
3.855000000000000093e-01 0.000000000000000000e+00
3.865000000000000102e-01 0.000000000000000000e+00
3.875000000000000111e-01 0.000000000000000000e+00
3.885000000000000120e-01 0.000000000000000000e+00
3.895000000000000129e-01 0.000000000000000000e+00
3.905000000000000138e-01 0.000000000000000000e+00
3.915000000000000147e-01 0.000000000000000000e+00
3.925000000000000155e-01 0.000000000000000000e+00
3.935000000000000164e-01 0.000000000000000000e+00
3.945000000000000173e-01 0.000000000000000000e+00
3.955000000000000182e-01 0.000000000000000000e+00
3.965000000000000191e-01 0.000000000000000000e+00
3.975000000000000200e-01 0.000000000000000000e+00
3.985000000000000209e-01 0.000000000000000000e+00
3.995000000000000218e-01 0.000000000000000000e+00
4.005000000000000226e-01 0.000000000000000000e+00
4.015000000000000235e-01 0.000000000000000000e+00
4.025000000000000244e-01 0.000000000000000000e+00
4.035000000000000253e-01 0.000000000000000000e+00
4.045000000000000262e-01 0.000000000000000000e+00
4.055000000000000271e-01 0.000000000000000000e+00
4.065000000000000280e-01 0.000000000000000000e+00
4.075000000000000289e-01 0.000000000000000000e+00
4.085000000000000298e-01 0.000000000000000000e+00
4.095000000000000306e-01 0.000000000000000000e+00
4.105000000000000315e-01 0.000000000000000000e+00
4.115000000000000324e-01 0.000000000000000000e+00
4.125000000000000333e-01 0.000000000000000000e+00
4.135000000000000342e-01 0.000000000000000000e+00
4.145000000000000351e-01 0.000000000000000000e+00
4.155000000000000360e-01 0.000000000000000000e+00
4.165000000000000369e-01 0.000000000000000000e+00
4.174999999999999822e-01 0.000000000000000000e+00
4.184999999999999831e-01 0.000000000000000000e+00
4.194999999999999840e-01 0.000000000000000000e+00
4.204999999999999849e-01 0.000000000000000000e+00
4.214999999999999858e-01 0.000000000000000000e+00
4.224999999999999867e-01 0.000000000000000000e+00
4.234999999999999876e-01 0.000000000000000000e+00
4.244999999999999885e-01 0.000000000000000000e+00
4.254999999999999893e-01 0.000000000000000000e+00
4.264999999999999902e-01 0.000000000000000000e+00
4.274999999999999911e-01 0.000000000000000000e+00
4.284999999999999920e-01 0.000000000000000000e+00
4.294999999999999929e-01 0.000000000000000000e+00
4.304999999999999938e-01 0.000000000000000000e+00
4.314999999999999947e-01 0.000000000000000000e+00
4.324999999999999956e-01 0.000000000000000000e+00
4.334999999999999964e-01 0.000000000000000000e+00
4.344999999999999973e-01 0.000000000000000000e+00
4.354999999999999982e-01 0.000000000000000000e+00
4.364999999999999991e-01 0.000000000000000000e+00
4.375000000000000000e-01 0.000000000000000000e+00
4.385000000000000009e-01 0.000000000000000000e+00
4.395000000000000018e-01 0.000000000000000000e+00
4.405000000000000027e-01 0.000000000000000000e+00
4.415000000000000036e-01 0.000000000000000000e+00
4.425000000000000044e-01 0.000000000000000000e+00
4.435000000000000053e-01 0.000000000000000000e+00
4.445000000000000062e-01 0.000000000000000000e+00
4.455000000000000071e-01 0.000000000000000000e+00
4.465000000000000080e-01 0.000000000000000000e+00
4.475000000000000089e-01 0.000000000000000000e+00
4.485000000000000098e-01 0.000000000000000000e+00
4.495000000000000107e-01 0.000000000000000000e+00
4.505000000000000115e-01 0.000000000000000000e+00
4.515000000000000124e-01 0.000000000000000000e+00
4.525000000000000133e-01 0.000000000000000000e+00
4.535000000000000142e-01 0.000000000000000000e+00
4.545000000000000151e-01 0.000000000000000000e+00
4.555000000000000160e-01 0.000000000000000000e+00
4.565000000000000169e-01 0.000000000000000000e+00
4.575000000000000178e-01 0.000000000000000000e+00
4.585000000000000187e-01 0.000000000000000000e+00
4.595000000000000195e-01 0.000000000000000000e+00
4.605000000000000204e-01 0.000000000000000000e+00
4.615000000000000213e-01 0.000000000000000000e+00
4.625000000000000222e-01 0.000000000000000000e+00
4.635000000000000231e-01 0.000000000000000000e+00
4.645000000000000240e-01 0.000000000000000000e+00
4.655000000000000249e-01 0.000000000000000000e+00
4.665000000000000258e-01 0.000000000000000000e+00
4.675000000000000266e-01 0.000000000000000000e+00
4.685000000000000275e-01 0.000000000000000000e+00
4.695000000000000284e-01 0.000000000000000000e+00
4.705000000000000293e-01 0.000000000000000000e+00
4.715000000000000302e-01 0.000000000000000000e+00
4.725000000000000311e-01 0.000000000000000000e+00
4.735000000000000320e-01 0.000000000000000000e+00
4.745000000000000329e-01 0.000000000000000000e+00
4.755000000000000338e-01 0.000000000000000000e+00
4.765000000000000346e-01 0.000000000000000000e+00
4.775000000000000355e-01 0.000000000000000000e+00
4.785000000000000364e-01 0.000000000000000000e+00
4.795000000000000373e-01 0.000000000000000000e+00
4.804999999999999827e-01 0.000000000000000000e+00
4.814999999999999836e-01 0.000000000000000000e+00
4.824999999999999845e-01 0.000000000000000000e+00
4.834999999999999853e-01 0.000000000000000000e+00
4.844999999999999862e-01 0.000000000000000000e+00
4.854999999999999871e-01 0.000000000000000000e+00
4.864999999999999880e-01 0.000000000000000000e+00
4.874999999999999889e-01 0.000000000000000000e+00
4.884999999999999898e-01 0.000000000000000000e+00
4.894999999999999907e-01 0.000000000000000000e+00
4.904999999999999916e-01 0.000000000000000000e+00
4.914999999999999925e-01 0.000000000000000000e+00
4.924999999999999933e-01 0.000000000000000000e+00
4.934999999999999942e-01 0.000000000000000000e+00
4.944999999999999951e-01 0.000000000000000000e+00
4.954999999999999960e-01 0.000000000000000000e+00
4.964999999999999969e-01 0.000000000000000000e+00
4.974999999999999978e-01 0.000000000000000000e+00
4.984999999999999987e-01 0.000000000000000000e+00
4.994999999999999996e-01 0.000000000000000000e+00
5.004999999999999449e-01 0.000000000000000000e+00
5.014999999999999458e-01 0.000000000000000000e+00
5.024999999999999467e-01 0.000000000000000000e+00
5.034999999999999476e-01 0.000000000000000000e+00
5.044999999999999485e-01 0.000000000000000000e+00
5.054999999999999494e-01 0.000000000000000000e+00
5.064999999999999503e-01 0.000000000000000000e+00
5.074999999999999512e-01 0.000000000000000000e+00
5.084999999999999520e-01 0.000000000000000000e+00
5.094999999999999529e-01 0.000000000000000000e+00
5.104999999999999538e-01 0.000000000000000000e+00
5.114999999999999547e-01 0.000000000000000000e+00
5.124999999999999556e-01 0.000000000000000000e+00
5.134999999999999565e-01 0.000000000000000000e+00
5.144999999999999574e-01 0.000000000000000000e+00
5.154999999999999583e-01 0.000000000000000000e+00
5.164999999999999591e-01 0.000000000000000000e+00
5.174999999999999600e-01 0.000000000000000000e+00
5.184999999999999609e-01 0.000000000000000000e+00
5.194999999999999618e-01 0.000000000000000000e+00
5.204999999999999627e-01 0.000000000000000000e+00
5.214999999999999636e-01 0.000000000000000000e+00
5.224999999999999645e-01 0.000000000000000000e+00
5.234999999999999654e-01 0.000000000000000000e+00
5.244999999999999662e-01 0.000000000000000000e+00
5.254999999999999671e-01 0.000000000000000000e+00
5.264999999999999680e-01 0.000000000000000000e+00
5.274999999999999689e-01 0.000000000000000000e+00
5.284999999999999698e-01 0.000000000000000000e+00
5.294999999999999707e-01 0.000000000000000000e+00
5.304999999999999716e-01 0.000000000000000000e+00
5.314999999999999725e-01 0.000000000000000000e+00
5.324999999999999734e-01 0.000000000000000000e+00
5.334999999999999742e-01 0.000000000000000000e+00
5.344999999999999751e-01 0.000000000000000000e+00
5.354999999999999760e-01 0.000000000000000000e+00
5.364999999999999769e-01 0.000000000000000000e+00
5.374999999999999778e-01 0.000000000000000000e+00
5.384999999999999787e-01 0.000000000000000000e+00
5.394999999999999796e-01 0.000000000000000000e+00
5.404999999999999805e-01 0.000000000000000000e+00
5.414999999999999813e-01 0.000000000000000000e+00
5.424999999999999822e-01 0.000000000000000000e+00
5.434999999999999831e-01 0.000000000000000000e+00
5.444999999999999840e-01 0.000000000000000000e+00
5.454999999999999849e-01 0.000000000000000000e+00
5.464999999999999858e-01 0.000000000000000000e+00
5.474999999999999867e-01 0.000000000000000000e+00
5.484999999999999876e-01 0.000000000000000000e+00
5.494999999999999885e-01 0.000000000000000000e+00
5.504999999999999893e-01 0.000000000000000000e+00
5.514999999999999902e-01 0.000000000000000000e+00
5.524999999999999911e-01 0.000000000000000000e+00
5.534999999999999920e-01 0.000000000000000000e+00
5.544999999999999929e-01 0.000000000000000000e+00
5.554999999999999938e-01 0.000000000000000000e+00
5.564999999999999947e-01 0.000000000000000000e+00
5.574999999999999956e-01 0.000000000000000000e+00
5.584999999999999964e-01 0.000000000000000000e+00
5.594999999999999973e-01 0.000000000000000000e+00
5.604999999999999982e-01 0.000000000000000000e+00
5.614999999999999991e-01 0.000000000000000000e+00
5.625000000000000000e-01 0.000000000000000000e+00
5.635000000000000009e-01 0.000000000000000000e+00
5.645000000000000018e-01 0.000000000000000000e+00
5.655000000000000027e-01 0.000000000000000000e+00
5.665000000000000036e-01 0.000000000000000000e+00
5.675000000000000044e-01 0.000000000000000000e+00
5.685000000000000053e-01 0.000000000000000000e+00
5.695000000000000062e-01 0.000000000000000000e+00
5.705000000000000071e-01 0.000000000000000000e+00
5.715000000000000080e-01 0.000000000000000000e+00
5.725000000000000089e-01 0.000000000000000000e+00
5.735000000000000098e-01 0.000000000000000000e+00
5.745000000000000107e-01 0.000000000000000000e+00
5.755000000000000115e-01 0.000000000000000000e+00
5.765000000000000124e-01 0.000000000000000000e+00
5.774999999999999023e-01 0.000000000000000000e+00
5.784999999999999032e-01 0.000000000000000000e+00
5.794999999999999041e-01 0.000000000000000000e+00
5.804999999999999050e-01 0.000000000000000000e+00
5.814999999999999059e-01 0.000000000000000000e+00
5.824999999999999067e-01 0.000000000000000000e+00
5.834999999999999076e-01 0.000000000000000000e+00
5.844999999999999085e-01 0.000000000000000000e+00
5.854999999999999094e-01 0.000000000000000000e+00
5.864999999999999103e-01 0.000000000000000000e+00
5.874999999999999112e-01 0.000000000000000000e+00
5.884999999999999121e-01 0.000000000000000000e+00
5.894999999999999130e-01 0.000000000000000000e+00
5.904999999999999138e-01 0.000000000000000000e+00
5.914999999999999147e-01 0.000000000000000000e+00
5.924999999999999156e-01 0.000000000000000000e+00
5.934999999999999165e-01 0.000000000000000000e+00
5.944999999999999174e-01 0.000000000000000000e+00
5.954999999999999183e-01 0.000000000000000000e+00
5.964999999999999192e-01 0.000000000000000000e+00
5.974999999999999201e-01 0.000000000000000000e+00
5.984999999999999210e-01 0.000000000000000000e+00
5.994999999999999218e-01 0.000000000000000000e+00
6.004999999999999227e-01 0.000000000000000000e+00
6.014999999999999236e-01 0.000000000000000000e+00
6.024999999999999245e-01 0.000000000000000000e+00
6.034999999999999254e-01 0.000000000000000000e+00
6.044999999999999263e-01 0.000000000000000000e+00
6.054999999999999272e-01 0.000000000000000000e+00
6.064999999999999281e-01 0.000000000000000000e+00
6.074999999999999289e-01 0.000000000000000000e+00
6.084999999999999298e-01 0.000000000000000000e+00
6.094999999999999307e-01 0.000000000000000000e+00
6.104999999999999316e-01 0.000000000000000000e+00
6.114999999999999325e-01 0.000000000000000000e+00
6.124999999999999334e-01 0.000000000000000000e+00
6.134999999999999343e-01 0.000000000000000000e+00
6.144999999999999352e-01 0.000000000000000000e+00
6.154999999999999361e-01 0.000000000000000000e+00
6.164999999999999369e-01 0.000000000000000000e+00
6.174999999999999378e-01 0.000000000000000000e+00
6.184999999999999387e-01 0.000000000000000000e+00
6.194999999999999396e-01 0.000000000000000000e+00
6.204999999999999405e-01 0.000000000000000000e+00
6.214999999999999414e-01 0.000000000000000000e+00
6.224999999999999423e-01 0.000000000000000000e+00
6.234999999999999432e-01 0.000000000000000000e+00
6.244999999999999440e-01 0.000000000000000000e+00
6.254999999999999449e-01 0.000000000000000000e+00
6.264999999999999458e-01 0.000000000000000000e+00
6.274999999999999467e-01 0.000000000000000000e+00
6.284999999999999476e-01 0.000000000000000000e+00
6.294999999999999485e-01 0.000000000000000000e+00
6.304999999999999494e-01 0.000000000000000000e+00
6.314999999999999503e-01 0.000000000000000000e+00
6.324999999999999512e-01 0.000000000000000000e+00
6.334999999999999520e-01 0.000000000000000000e+00
6.344999999999999529e-01 0.000000000000000000e+00
6.354999999999999538e-01 0.000000000000000000e+00
6.364999999999999547e-01 0.000000000000000000e+00
6.374999999999999556e-01 0.000000000000000000e+00
6.384999999999999565e-01 0.000000000000000000e+00
6.394999999999999574e-01 0.000000000000000000e+00
6.404999999999999583e-01 0.000000000000000000e+00
6.414999999999999591e-01 0.000000000000000000e+00
6.424999999999999600e-01 0.000000000000000000e+00
6.434999999999999609e-01 0.000000000000000000e+00
6.444999999999999618e-01 0.000000000000000000e+00
6.454999999999999627e-01 0.000000000000000000e+00
6.464999999999999636e-01 0.000000000000000000e+00
6.474999999999999645e-01 0.000000000000000000e+00
6.484999999999999654e-01 0.000000000000000000e+00
6.494999999999999662e-01 0.000000000000000000e+00
6.504999999999999671e-01 0.000000000000000000e+00
6.514999999999999680e-01 0.000000000000000000e+00
6.524999999999999689e-01 0.000000000000000000e+00
6.534999999999999698e-01 0.000000000000000000e+00
6.544999999999999707e-01 0.000000000000000000e+00
6.554999999999999716e-01 0.000000000000000000e+00
6.564999999999999725e-01 0.000000000000000000e+00
6.574999999999999734e-01 0.000000000000000000e+00
6.584999999999999742e-01 0.000000000000000000e+00
6.594999999999999751e-01 0.000000000000000000e+00
6.604999999999999760e-01 0.000000000000000000e+00
6.614999999999999769e-01 0.000000000000000000e+00
6.624999999999999778e-01 0.000000000000000000e+00
6.634999999999999787e-01 0.000000000000000000e+00
6.644999999999999796e-01 0.000000000000000000e+00
6.654999999999999805e-01 0.000000000000000000e+00
6.664999999999999813e-01 0.000000000000000000e+00
6.674999999999999822e-01 0.000000000000000000e+00
6.684999999999999831e-01 0.000000000000000000e+00
6.694999999999999840e-01 0.000000000000000000e+00
6.704999999999999849e-01 0.000000000000000000e+00
6.714999999999999858e-01 0.000000000000000000e+00
6.724999999999999867e-01 0.000000000000000000e+00
6.734999999999999876e-01 0.000000000000000000e+00
6.744999999999999885e-01 0.000000000000000000e+00
6.754999999999999893e-01 0.000000000000000000e+00
6.764999999999999902e-01 0.000000000000000000e+00
6.774999999999999911e-01 0.000000000000000000e+00
6.784999999999999920e-01 0.000000000000000000e+00
6.794999999999999929e-01 0.000000000000000000e+00
6.804999999999999938e-01 0.000000000000000000e+00
6.814999999999999947e-01 0.000000000000000000e+00
6.824999999999999956e-01 0.000000000000000000e+00
6.834999999999999964e-01 0.000000000000000000e+00
6.844999999999999973e-01 0.000000000000000000e+00
6.854999999999999982e-01 0.000000000000000000e+00
6.864999999999999991e-01 0.000000000000000000e+00
6.875000000000000000e-01 0.000000000000000000e+00
6.885000000000000009e-01 0.000000000000000000e+00
6.895000000000000018e-01 0.000000000000000000e+00
6.905000000000000027e-01 0.000000000000000000e+00
6.915000000000000036e-01 0.000000000000000000e+00
6.925000000000000044e-01 0.000000000000000000e+00
6.935000000000000053e-01 0.000000000000000000e+00
6.945000000000000062e-01 0.000000000000000000e+00
6.955000000000000071e-01 0.000000000000000000e+00
6.965000000000000080e-01 0.000000000000000000e+00
6.975000000000000089e-01 0.000000000000000000e+00
6.985000000000000098e-01 0.000000000000000000e+00
6.995000000000000107e-01 0.000000000000000000e+00
7.005000000000000115e-01 0.000000000000000000e+00
7.015000000000000124e-01 0.000000000000000000e+00
7.025000000000000133e-01 0.000000000000000000e+00
7.035000000000000142e-01 0.000000000000000000e+00
7.044999999999999041e-01 0.000000000000000000e+00
7.054999999999999050e-01 0.000000000000000000e+00
7.064999999999999059e-01 0.000000000000000000e+00
7.074999999999999067e-01 0.000000000000000000e+00
7.084999999999999076e-01 0.000000000000000000e+00
7.094999999999999085e-01 0.000000000000000000e+00
7.104999999999999094e-01 0.000000000000000000e+00
7.114999999999999103e-01 0.000000000000000000e+00
7.124999999999999112e-01 0.000000000000000000e+00
7.134999999999999121e-01 0.000000000000000000e+00
7.144999999999999130e-01 0.000000000000000000e+00
7.154999999999999138e-01 0.000000000000000000e+00
7.164999999999999147e-01 0.000000000000000000e+00
7.174999999999999156e-01 0.000000000000000000e+00
7.184999999999999165e-01 0.000000000000000000e+00
7.194999999999999174e-01 0.000000000000000000e+00
7.204999999999999183e-01 0.000000000000000000e+00
7.214999999999999192e-01 0.000000000000000000e+00
7.224999999999999201e-01 0.000000000000000000e+00
7.234999999999999210e-01 0.000000000000000000e+00
7.244999999999999218e-01 0.000000000000000000e+00
7.254999999999999227e-01 0.000000000000000000e+00
7.264999999999999236e-01 0.000000000000000000e+00
7.274999999999999245e-01 0.000000000000000000e+00
7.284999999999999254e-01 0.000000000000000000e+00
7.294999999999999263e-01 0.000000000000000000e+00
7.304999999999999272e-01 0.000000000000000000e+00
7.314999999999999281e-01 0.000000000000000000e+00
7.324999999999999289e-01 0.000000000000000000e+00
7.334999999999999298e-01 0.000000000000000000e+00
7.344999999999999307e-01 0.000000000000000000e+00
7.354999999999999316e-01 0.000000000000000000e+00
7.364999999999999325e-01 0.000000000000000000e+00
7.374999999999999334e-01 0.000000000000000000e+00
7.384999999999999343e-01 0.000000000000000000e+00
7.394999999999999352e-01 0.000000000000000000e+00
7.404999999999999361e-01 0.000000000000000000e+00
7.414999999999999369e-01 0.000000000000000000e+00
7.424999999999999378e-01 0.000000000000000000e+00
7.434999999999999387e-01 0.000000000000000000e+00
7.444999999999999396e-01 0.000000000000000000e+00
7.454999999999999405e-01 0.000000000000000000e+00
7.464999999999999414e-01 0.000000000000000000e+00
7.474999999999999423e-01 0.000000000000000000e+00
7.484999999999999432e-01 0.000000000000000000e+00
7.494999999999999440e-01 0.000000000000000000e+00
7.504999999999999449e-01 0.000000000000000000e+00
7.514999999999999458e-01 0.000000000000000000e+00
7.524999999999999467e-01 0.000000000000000000e+00
7.534999999999999476e-01 0.000000000000000000e+00
7.544999999999999485e-01 0.000000000000000000e+00
7.554999999999999494e-01 0.000000000000000000e+00
7.564999999999999503e-01 0.000000000000000000e+00
7.574999999999999512e-01 0.000000000000000000e+00
7.584999999999999520e-01 0.000000000000000000e+00
7.594999999999999529e-01 0.000000000000000000e+00
7.604999999999999538e-01 0.000000000000000000e+00
7.614999999999999547e-01 0.000000000000000000e+00
7.624999999999999556e-01 0.000000000000000000e+00
7.634999999999999565e-01 0.000000000000000000e+00
7.644999999999999574e-01 0.000000000000000000e+00
7.654999999999999583e-01 0.000000000000000000e+00
7.664999999999999591e-01 0.000000000000000000e+00
7.674999999999999600e-01 0.000000000000000000e+00
7.684999999999999609e-01 0.000000000000000000e+00
7.694999999999999618e-01 0.000000000000000000e+00
7.704999999999999627e-01 0.000000000000000000e+00
7.714999999999999636e-01 0.000000000000000000e+00
7.724999999999999645e-01 0.000000000000000000e+00
7.734999999999999654e-01 0.000000000000000000e+00
7.744999999999999662e-01 0.000000000000000000e+00
7.754999999999999671e-01 0.000000000000000000e+00
7.764999999999999680e-01 0.000000000000000000e+00
7.774999999999999689e-01 0.000000000000000000e+00
7.784999999999999698e-01 0.000000000000000000e+00
7.794999999999999707e-01 0.000000000000000000e+00
7.804999999999999716e-01 0.000000000000000000e+00
7.814999999999999725e-01 0.000000000000000000e+00
7.824999999999999734e-01 0.000000000000000000e+00
7.834999999999999742e-01 0.000000000000000000e+00
7.844999999999999751e-01 0.000000000000000000e+00
7.854999999999999760e-01 0.000000000000000000e+00
7.864999999999999769e-01 0.000000000000000000e+00
7.874999999999999778e-01 0.000000000000000000e+00
7.884999999999999787e-01 0.000000000000000000e+00
7.894999999999999796e-01 0.000000000000000000e+00
7.904999999999999805e-01 0.000000000000000000e+00
7.914999999999999813e-01 0.000000000000000000e+00
7.924999999999999822e-01 0.000000000000000000e+00
7.934999999999999831e-01 0.000000000000000000e+00
7.944999999999999840e-01 0.000000000000000000e+00
7.954999999999999849e-01 0.000000000000000000e+00
7.964999999999999858e-01 0.000000000000000000e+00
7.974999999999999867e-01 0.000000000000000000e+00
7.984999999999999876e-01 0.000000000000000000e+00
7.994999999999999885e-01 0.000000000000000000e+00
8.004999999999999893e-01 0.000000000000000000e+00
8.014999999999999902e-01 0.000000000000000000e+00
8.024999999999999911e-01 0.000000000000000000e+00
8.034999999999999920e-01 0.000000000000000000e+00
8.044999999999999929e-01 0.000000000000000000e+00
8.054999999999999938e-01 0.000000000000000000e+00
8.064999999999999947e-01 0.000000000000000000e+00
8.074999999999999956e-01 0.000000000000000000e+00
8.084999999999999964e-01 0.000000000000000000e+00
8.094999999999999973e-01 0.000000000000000000e+00
8.104999999999999982e-01 0.000000000000000000e+00
8.114999999999999991e-01 0.000000000000000000e+00
8.125000000000000000e-01 0.000000000000000000e+00
8.135000000000000009e-01 0.000000000000000000e+00
8.145000000000000018e-01 0.000000000000000000e+00
8.155000000000000027e-01 0.000000000000000000e+00
8.165000000000000036e-01 0.000000000000000000e+00
8.175000000000000044e-01 0.000000000000000000e+00
8.185000000000000053e-01 0.000000000000000000e+00
8.195000000000000062e-01 0.000000000000000000e+00
8.205000000000000071e-01 0.000000000000000000e+00
8.215000000000000080e-01 0.000000000000000000e+00
8.225000000000000089e-01 0.000000000000000000e+00
8.235000000000000098e-01 0.000000000000000000e+00
8.245000000000000107e-01 0.000000000000000000e+00
8.255000000000000115e-01 0.000000000000000000e+00
8.265000000000000124e-01 0.000000000000000000e+00
8.275000000000000133e-01 0.000000000000000000e+00
8.285000000000000142e-01 0.000000000000000000e+00
8.295000000000000151e-01 0.000000000000000000e+00
8.305000000000000160e-01 0.000000000000000000e+00
8.315000000000000169e-01 0.000000000000000000e+00
8.325000000000000178e-01 0.000000000000000000e+00
8.334999999999999076e-01 0.000000000000000000e+00
8.344999999999999085e-01 0.000000000000000000e+00
8.354999999999999094e-01 0.000000000000000000e+00
8.364999999999999103e-01 0.000000000000000000e+00
8.374999999999999112e-01 0.000000000000000000e+00
8.384999999999999121e-01 0.000000000000000000e+00
8.394999999999999130e-01 0.000000000000000000e+00
8.404999999999999138e-01 0.000000000000000000e+00
8.414999999999999147e-01 0.000000000000000000e+00
8.424999999999999156e-01 0.000000000000000000e+00
8.434999999999999165e-01 0.000000000000000000e+00
8.444999999999999174e-01 0.000000000000000000e+00
8.454999999999999183e-01 0.000000000000000000e+00
8.464999999999999192e-01 0.000000000000000000e+00
8.474999999999999201e-01 0.000000000000000000e+00
8.484999999999999210e-01 0.000000000000000000e+00
8.494999999999999218e-01 0.000000000000000000e+00
8.504999999999999227e-01 0.000000000000000000e+00
8.514999999999999236e-01 0.000000000000000000e+00
8.524999999999999245e-01 0.000000000000000000e+00
8.534999999999999254e-01 0.000000000000000000e+00
8.544999999999999263e-01 0.000000000000000000e+00
8.554999999999999272e-01 0.000000000000000000e+00
8.564999999999999281e-01 0.000000000000000000e+00
8.574999999999999289e-01 0.000000000000000000e+00
8.584999999999999298e-01 0.000000000000000000e+00
8.594999999999999307e-01 0.000000000000000000e+00
8.604999999999999316e-01 0.000000000000000000e+00
8.614999999999999325e-01 0.000000000000000000e+00
8.624999999999999334e-01 0.000000000000000000e+00
8.634999999999999343e-01 0.000000000000000000e+00
8.644999999999999352e-01 0.000000000000000000e+00
8.654999999999999361e-01 0.000000000000000000e+00
8.664999999999999369e-01 0.000000000000000000e+00
8.674999999999999378e-01 0.000000000000000000e+00
8.684999999999999387e-01 0.000000000000000000e+00
8.694999999999999396e-01 0.000000000000000000e+00
8.704999999999999405e-01 0.000000000000000000e+00
8.714999999999999414e-01 0.000000000000000000e+00
8.724999999999999423e-01 0.000000000000000000e+00
8.734999999999999432e-01 0.000000000000000000e+00
8.744999999999999440e-01 0.000000000000000000e+00
8.754999999999999449e-01 0.000000000000000000e+00
8.764999999999999458e-01 0.000000000000000000e+00
8.774999999999999467e-01 0.000000000000000000e+00
8.784999999999999476e-01 0.000000000000000000e+00
8.794999999999999485e-01 0.000000000000000000e+00
8.804999999999999494e-01 0.000000000000000000e+00
8.814999999999999503e-01 0.000000000000000000e+00
8.824999999999999512e-01 0.000000000000000000e+00
8.834999999999999520e-01 0.000000000000000000e+00
8.844999999999999529e-01 0.000000000000000000e+00
8.854999999999999538e-01 0.000000000000000000e+00
8.864999999999999547e-01 0.000000000000000000e+00
8.874999999999999556e-01 0.000000000000000000e+00
8.884999999999999565e-01 0.000000000000000000e+00
8.894999999999999574e-01 0.000000000000000000e+00
8.904999999999999583e-01 0.000000000000000000e+00
8.914999999999999591e-01 0.000000000000000000e+00
8.924999999999999600e-01 0.000000000000000000e+00
8.934999999999999609e-01 0.000000000000000000e+00
8.944999999999999618e-01 0.000000000000000000e+00
8.954999999999999627e-01 0.000000000000000000e+00
8.964999999999999636e-01 0.000000000000000000e+00
8.974999999999999645e-01 0.000000000000000000e+00
8.984999999999999654e-01 0.000000000000000000e+00
8.994999999999999662e-01 0.000000000000000000e+00
9.004999999999999671e-01 0.000000000000000000e+00
9.014999999999999680e-01 0.000000000000000000e+00
9.024999999999999689e-01 0.000000000000000000e+00
9.034999999999999698e-01 0.000000000000000000e+00
9.044999999999999707e-01 0.000000000000000000e+00
9.054999999999999716e-01 0.000000000000000000e+00
9.064999999999999725e-01 0.000000000000000000e+00
9.074999999999999734e-01 0.000000000000000000e+00
9.084999999999999742e-01 0.000000000000000000e+00
9.094999999999999751e-01 0.000000000000000000e+00
9.104999999999999760e-01 0.000000000000000000e+00
9.114999999999999769e-01 0.000000000000000000e+00
9.124999999999999778e-01 0.000000000000000000e+00
9.134999999999999787e-01 0.000000000000000000e+00
9.144999999999999796e-01 0.000000000000000000e+00
9.154999999999999805e-01 0.000000000000000000e+00
9.164999999999999813e-01 0.000000000000000000e+00
9.174999999999999822e-01 0.000000000000000000e+00
9.184999999999999831e-01 0.000000000000000000e+00
9.194999999999999840e-01 0.000000000000000000e+00
9.204999999999999849e-01 0.000000000000000000e+00
9.214999999999999858e-01 0.000000000000000000e+00
9.224999999999999867e-01 0.000000000000000000e+00
9.234999999999999876e-01 0.000000000000000000e+00
9.244999999999999885e-01 0.000000000000000000e+00
9.254999999999999893e-01 0.000000000000000000e+00
9.264999999999999902e-01 0.000000000000000000e+00
9.274999999999999911e-01 0.000000000000000000e+00
9.284999999999999920e-01 0.000000000000000000e+00
9.294999999999999929e-01 0.000000000000000000e+00
9.304999999999999938e-01 0.000000000000000000e+00
9.314999999999999947e-01 0.000000000000000000e+00
9.324999999999999956e-01 0.000000000000000000e+00
9.334999999999999964e-01 0.000000000000000000e+00
9.344999999999999973e-01 0.000000000000000000e+00
9.354999999999999982e-01 0.000000000000000000e+00
9.364999999999999991e-01 0.000000000000000000e+00
9.375000000000000000e-01 0.000000000000000000e+00
9.385000000000000009e-01 0.000000000000000000e+00
9.395000000000000018e-01 0.000000000000000000e+00
9.405000000000000027e-01 0.000000000000000000e+00
9.415000000000000036e-01 0.000000000000000000e+00
9.425000000000000044e-01 0.000000000000000000e+00
9.435000000000000053e-01 0.000000000000000000e+00
9.445000000000000062e-01 0.000000000000000000e+00
9.455000000000000071e-01 0.000000000000000000e+00
9.465000000000000080e-01 0.000000000000000000e+00
9.475000000000000089e-01 0.000000000000000000e+00
9.485000000000000098e-01 0.000000000000000000e+00
9.495000000000000107e-01 0.000000000000000000e+00
9.505000000000000115e-01 0.000000000000000000e+00
9.515000000000000124e-01 0.000000000000000000e+00
9.525000000000000133e-01 0.000000000000000000e+00
9.535000000000000142e-01 0.000000000000000000e+00
9.545000000000000151e-01 0.000000000000000000e+00
9.555000000000000160e-01 0.000000000000000000e+00
9.565000000000000169e-01 0.000000000000000000e+00
9.575000000000000178e-01 0.000000000000000000e+00
9.585000000000000187e-01 0.000000000000000000e+00
9.595000000000000195e-01 0.000000000000000000e+00
9.604999999999999094e-01 0.000000000000000000e+00
9.614999999999999103e-01 0.000000000000000000e+00
9.624999999999999112e-01 0.000000000000000000e+00
9.634999999999999121e-01 0.000000000000000000e+00
9.644999999999999130e-01 0.000000000000000000e+00
9.654999999999999138e-01 0.000000000000000000e+00
9.664999999999999147e-01 0.000000000000000000e+00
9.674999999999999156e-01 0.000000000000000000e+00
9.684999999999999165e-01 0.000000000000000000e+00
9.694999999999999174e-01 0.000000000000000000e+00
9.704999999999999183e-01 0.000000000000000000e+00
9.714999999999999192e-01 0.000000000000000000e+00
9.724999999999999201e-01 0.000000000000000000e+00
9.734999999999999210e-01 0.000000000000000000e+00
9.744999999999999218e-01 0.000000000000000000e+00
9.754999999999999227e-01 0.000000000000000000e+00
9.764999999999999236e-01 0.000000000000000000e+00
9.774999999999999245e-01 0.000000000000000000e+00
9.784999999999999254e-01 0.000000000000000000e+00
9.794999999999999263e-01 0.000000000000000000e+00
9.804999999999999272e-01 0.000000000000000000e+00
9.814999999999999281e-01 0.000000000000000000e+00
9.824999999999999289e-01 0.000000000000000000e+00
9.834999999999999298e-01 0.000000000000000000e+00
9.844999999999999307e-01 0.000000000000000000e+00
9.854999999999999316e-01 0.000000000000000000e+00
9.864999999999999325e-01 0.000000000000000000e+00
9.874999999999999334e-01 0.000000000000000000e+00
9.884999999999999343e-01 0.000000000000000000e+00
9.894999999999999352e-01 0.000000000000000000e+00
9.904999999999999361e-01 0.000000000000000000e+00
9.914999999999999369e-01 0.000000000000000000e+00
9.924999999999999378e-01 0.000000000000000000e+00
9.934999999999999387e-01 0.000000000000000000e+00
9.944999999999999396e-01 0.000000000000000000e+00
9.954999999999999405e-01 0.000000000000000000e+00
9.964999999999999414e-01 0.000000000000000000e+00
9.974999999999999423e-01 0.000000000000000000e+00
9.984999999999999432e-01 0.000000000000000000e+00
9.994999999999999440e-01 0.000000000000000000e+00
