5.000000000000000104e-04 0.000000000000000000e+00
1.500000000000000031e-03 0.000000000000000000e+00
2.500000000000000052e-03 0.000000000000000000e+00
3.500000000000000073e-03 0.000000000000000000e+00
4.500000000000000527e-03 0.000000000000000000e+00
5.499999999999999681e-03 0.000000000000000000e+00
6.500000000000000569e-03 0.000000000000000000e+00
7.499999999999999722e-03 0.000000000000000000e+00
8.500000000000000611e-03 0.000000000000000000e+00
9.500000000000001499e-03 0.000000000000000000e+00
1.050000000000000065e-02 0.000000000000000000e+00
1.149999999999999981e-02 0.000000000000000000e+00
1.250000000000000069e-02 0.000000000000000000e+00
1.350000000000000158e-02 0.000000000000000000e+00
1.450000000000000074e-02 0.000000000000000000e+00
1.549999999999999989e-02 0.000000000000000000e+00
1.650000000000000078e-02 0.000000000000000000e+00
1.750000000000000167e-02 0.000000000000000000e+00
1.850000000000000255e-02 0.000000000000000000e+00
1.949999999999999997e-02 0.000000000000000000e+00
2.050000000000000086e-02 0.000000000000000000e+00
2.150000000000000175e-02 0.000000000000000000e+00
2.249999999999999917e-02 0.000000000000000000e+00
2.350000000000000006e-02 0.000000000000000000e+00
2.450000000000000094e-02 0.000000000000000000e+00
2.550000000000000183e-02 0.000000000000000000e+00
2.650000000000000272e-02 0.000000000000000000e+00
2.750000000000000014e-02 0.000000000000000000e+00
2.850000000000000103e-02 0.000000000000000000e+00
2.950000000000000192e-02 0.000000000000000000e+00
3.049999999999999933e-02 0.000000000000000000e+00
3.150000000000000022e-02 0.000000000000000000e+00
3.250000000000000111e-02 0.000000000000000000e+00
3.350000000000000200e-02 0.000000000000000000e+00
3.450000000000000289e-02 0.000000000000000000e+00
3.550000000000000377e-02 0.000000000000000000e+00
3.650000000000000466e-02 0.000000000000000000e+00
3.749999999999999861e-02 0.000000000000000000e+00
3.849999999999999950e-02 0.000000000000000000e+00
3.950000000000000039e-02 0.000000000000000000e+00
4.050000000000000128e-02 0.000000000000000000e+00
4.150000000000000216e-02 0.000000000000000000e+00
4.250000000000000305e-02 0.000000000000000000e+00
4.350000000000000394e-02 0.000000000000000000e+00
4.449999999999999789e-02 0.000000000000000000e+00
4.549999999999999878e-02 0.000000000000000000e+00
4.649999999999999967e-02 0.000000000000000000e+00
4.750000000000000056e-02 0.000000000000000000e+00
4.850000000000000144e-02 0.000000000000000000e+00
4.950000000000000233e-02 1.031148847258012667e-02
5.050000000000000322e-02 8.304306391185838077e-03
5.150000000000000411e-02 6.629560270681566191e-03
5.250000000000000500e-02 5.271527850200873923e-03
5.349999999999999895e-02 4.214486868877313774e-03
5.449999999999999983e-02 3.442715065844439981e-03
5.550000000000000072e-02 2.940490180235811116e-03
5.650000000000000161e-02 2.692089951184983149e-03
5.750000000000000250e-02 2.681792117825508581e-03
5.850000000000000339e-02 2.893874419290946853e-03
5.950000000000000427e-02 3.312614594714855237e-03
6.049999999999999822e-02 3.922290383230780594e-03
6.149999999999999911e-02 4.707179523972289739e-03
6.250000000000000000e-02 5.651559756072928667e-03
6.350000000000000089e-02 6.739708818666265491e-03
6.450000000000000178e-02 7.955904450885845774e-03
6.550000000000000266e-02 9.284424391865225487e-03
6.650000000000000355e-02 1.070954638073796580e-02
6.750000000000000444e-02 1.221554815663763137e-02
6.850000000000000533e-02 1.378670745869774519e-02
6.950000000000000622e-02 1.540730202605286939e-02
7.050000000000000711e-02 1.462441227119362988e-02
7.150000000000000799e-02 1.597074560512884434e-02
7.250000000000000888e-02 1.868076159963071026e-02
7.349999999999999589e-02 1.922354270918493618e-02
7.449999999999999678e-02 2.153658786547633930e-02
7.549999999999999767e-02 2.455040828574377165e-02
7.649999999999999856e-02 2.113842944110499306e-02
7.749999999999999944e-02 2.441756690027404447e-02
7.850000000000000033e-02 2.829666690827441211e-02
7.950000000000000122e-02 3.080823363968998585e-02
8.050000000000000211e-02 3.183511881189136916e-02
8.150000000000000300e-02 3.520188385952542631e-02
8.250000000000000389e-02 3.783333421546559300e-02
8.350000000000000477e-02 3.911188335756669854e-02
8.450000000000000566e-02 3.652018237261337591e-02
8.550000000000000655e-02 3.643291078187343990e-02
8.650000000000000744e-02 3.961799183428501431e-02
8.750000000000000833e-02 3.963921333148437420e-02
8.849999999999999534e-02 4.228027145415238358e-02
8.949999999999999623e-02 4.038146441635220157e-02
9.049999999999999711e-02 4.465947239080905740e-02
9.149999999999999800e-02 4.770451214282350749e-02
9.249999999999999889e-02 5.147349412795602930e-02
9.349999999999999978e-02 4.840336348940659644e-02
9.450000000000000067e-02 5.208813671578901849e-02
9.550000000000000155e-02 5.204568120584536495e-02
9.650000000000000244e-02 5.315193370679786172e-02
9.750000000000000333e-02 5.572523614526210534e-02
9.850000000000000422e-02 5.972253921821394501e-02
9.950000000000000511e-02 6.099401499145390426e-02
1.005000000000000060e-01 6.066896403739902022e-02
1.015000000000000069e-01 6.357971755380184553e-02
1.025000000000000078e-01 6.765248241015020536e-02
1.035000000000000087e-01 6.794236190146374366e-02
1.045000000000000095e-01 6.733775260888934244e-02
1.054999999999999966e-01 7.306079081000954600e-02
1.064999999999999974e-01 7.914263647603063390e-02
1.074999999999999983e-01 8.157875950205925597e-02
1.084999999999999992e-01 8.323138159744672415e-02
1.095000000000000001e-01 7.880365641567538271e-02
1.105000000000000010e-01 8.581043701477231167e-02
1.115000000000000019e-01 9.275148875265089299e-02
1.125000000000000028e-01 9.031163818013024369e-02
1.135000000000000037e-01 1.029440192905100304e-01
1.145000000000000046e-01 1.153885156484173863e-01
1.155000000000000054e-01 1.132203956363135727e-01
1.165000000000000063e-01 1.197089012583155559e-01
1.175000000000000072e-01 1.364763245770684585e-01
1.185000000000000081e-01 1.372218192740208842e-01
1.195000000000000090e-01 1.446543057073887140e-01
1.204999999999999960e-01 1.440935397596390666e-01
1.214999999999999969e-01 1.605923641854626882e-01
1.224999999999999978e-01 1.767198447421224894e-01
1.234999999999999987e-01 1.941499877242905958e-01
1.244999999999999996e-01 2.204593015043564974e-01
1.255000000000000004e-01 2.352396894506834646e-01
1.265000000000000013e-01 2.572850835881383413e-01
1.275000000000000022e-01 2.832203139852975671e-01
1.285000000000000031e-01 3.126734450658409936e-01
1.295000000000000040e-01 3.369048821711778663e-01
1.305000000000000049e-01 3.600460400875495903e-01
1.315000000000000058e-01 3.730264771143492197e-01
1.325000000000000067e-01 3.889899560549772151e-01
1.335000000000000075e-01 4.061640142986209789e-01
1.345000000000000084e-01 4.211100301865244866e-01
1.355000000000000093e-01 4.464598862931904444e-01
1.365000000000000102e-01 4.666383122440704301e-01
1.375000000000000111e-01 4.819334861116636448e-01
1.385000000000000120e-01 5.002526777874841679e-01
1.395000000000000129e-01 5.187865548648231684e-01
1.405000000000000138e-01 5.245813794509522898e-01
1.415000000000000147e-01 5.307261108635483726e-01
1.425000000000000155e-01 5.449901922498888718e-01
1.435000000000000164e-01 5.534301779715289360e-01
1.445000000000000173e-01 5.681954019444467319e-01
1.454999999999999905e-01 5.879106526051869341e-01
1.464999999999999913e-01 6.028639059546530010e-01
1.474999999999999922e-01 6.112272777674462310e-01
1.484999999999999931e-01 6.189513555405630196e-01
1.494999999999999940e-01 6.429243111805035271e-01
1.504999999999999949e-01 6.587345998500733213e-01
1.514999999999999958e-01 6.777724918315720659e-01
1.524999999999999967e-01 6.929833818471446971e-01
1.534999999999999976e-01 7.224106140931912945e-01
1.544999999999999984e-01 7.273973301012433001e-01
1.554999999999999993e-01 7.337272199634197190e-01
1.565000000000000002e-01 7.357505851818095799e-01
1.575000000000000011e-01 7.532187552569087341e-01
1.585000000000000020e-01 7.605927120486772885e-01
1.595000000000000029e-01 7.734744792997620966e-01
1.605000000000000038e-01 7.892363105602431261e-01
1.615000000000000047e-01 8.271879173714664635e-01
1.625000000000000056e-01 8.490188854573077482e-01
1.635000000000000064e-01 8.731462370324768463e-01
1.645000000000000073e-01 9.055982720895467963e-01
1.655000000000000082e-01 9.019659084032491947e-01
1.665000000000000091e-01 9.331412876420561719e-01
1.675000000000000100e-01 9.861915561860317148e-01
1.685000000000000109e-01 1.026133302920153145e+00
1.695000000000000118e-01 1.056935921947286250e+00
1.705000000000000127e-01 1.065207268348155711e+00
1.715000000000000135e-01 1.097390454896703504e+00
1.725000000000000144e-01 1.160043534707998258e+00
1.735000000000000153e-01 1.199250257389193663e+00
1.745000000000000162e-01 1.245904147933374784e+00
1.755000000000000171e-01 1.293519942244702570e+00
1.764999999999999902e-01 1.353057646331579988e+00
1.774999999999999911e-01 1.378935992881308747e+00
1.784999999999999920e-01 1.423581986725438675e+00
1.794999999999999929e-01 1.475601571629299169e+00
1.804999999999999938e-01 1.520616076657571814e+00
1.814999999999999947e-01 1.586205331838440591e+00
1.824999999999999956e-01 1.629704382363521775e+00
1.834999999999999964e-01 1.680554537685779337e+00
1.844999999999999973e-01 1.728686512011024412e+00
1.854999999999999982e-01 1.796156538634009703e+00
1.864999999999999991e-01 1.870660643650398303e+00
1.875000000000000000e-01 1.922848434002802698e+00
1.885000000000000009e-01 1.978235450754721070e+00
1.895000000000000018e-01 2.036893058934488465e+00
1.905000000000000027e-01 2.069075737212847876e+00
1.915000000000000036e-01 2.100473443288719100e+00
1.925000000000000044e-01 2.134587964081269273e+00
1.935000000000000053e-01 2.199970929705406864e+00
1.945000000000000062e-01 2.225745585659945291e+00
1.955000000000000071e-01 2.261379403228004126e+00
1.965000000000000080e-01 2.277158050513838461e+00
1.975000000000000089e-01 2.274544071163440595e+00
1.985000000000000098e-01 2.271963212812323274e+00
1.995000000000000107e-01 2.307100720184803500e+00
2.005000000000000115e-01 2.352007443425273792e+00
2.015000000000000124e-01 2.447708364290907213e+00
2.025000000000000133e-01 2.532116875311374748e+00
2.035000000000000142e-01 2.600844693349738002e+00
2.045000000000000151e-01 2.701348123650566535e+00
2.055000000000000160e-01 2.766509255411054635e+00
2.065000000000000169e-01 2.863564106546446997e+00
2.075000000000000178e-01 2.950806799588260976e+00
2.085000000000000187e-01 2.993630830450400460e+00
2.094999999999999918e-01 3.061178035572374334e+00
2.104999999999999927e-01 3.105132968301389518e+00
2.114999999999999936e-01 3.182415875443024955e+00
2.124999999999999944e-01 3.232356612326804601e+00
2.134999999999999953e-01 3.238580573397151330e+00
2.144999999999999962e-01 3.296165022262927291e+00
2.154999999999999971e-01 3.367650173399669100e+00
2.164999999999999980e-01 3.445085510840658838e+00
2.174999999999999989e-01 3.470475119794851793e+00
2.184999999999999998e-01 3.522202797689109488e+00
2.195000000000000007e-01 3.581596400571847916e+00
2.205000000000000016e-01 3.644127330749661109e+00
2.215000000000000024e-01 3.716010787716071295e+00
2.225000000000000033e-01 3.746386114215949803e+00
2.235000000000000042e-01 3.830016612372270757e+00
2.245000000000000051e-01 3.916166655919958828e+00
2.255000000000000060e-01 4.008734846172087529e+00
2.265000000000000069e-01 4.081117570479250389e+00
2.275000000000000078e-01 4.117859385771490466e+00
2.285000000000000087e-01 4.140156354184098220e+00
2.295000000000000095e-01 4.169418530031798298e+00
2.305000000000000104e-01 4.154869179046558614e+00
2.315000000000000113e-01 4.155743439233160252e+00
2.325000000000000122e-01 4.183098289128739822e+00
2.335000000000000131e-01 4.195450120391307713e+00
2.345000000000000140e-01 4.197312400810965904e+00
2.355000000000000149e-01 4.211957903166146266e+00
2.365000000000000158e-01 4.238631631375280762e+00
2.375000000000000167e-01 4.275127924353672171e+00
2.385000000000000175e-01 4.374750043348904605e+00
2.395000000000000184e-01 4.515233476233130538e+00
2.404999999999999916e-01 4.659679672762596425e+00
2.414999999999999925e-01 4.825216216095130406e+00
2.424999999999999933e-01 4.938245620342589959e+00
2.434999999999999942e-01 5.049574449183907632e+00
2.444999999999999951e-01 5.217618033487710250e+00
2.454999999999999960e-01 5.322211381894641491e+00
2.464999999999999969e-01 5.450797890203000762e+00
2.474999999999999978e-01 5.582298377561849101e+00
2.484999999999999987e-01 5.710640521244322088e+00
2.494999999999999996e-01 5.880824336058793733e+00
2.505000000000000004e-01 5.991566688546319241e+00
2.515000000000000013e-01 6.165354855171361059e+00
2.525000000000000022e-01 6.297010102111570973e+00
2.535000000000000031e-01 6.438531609760570262e+00
2.545000000000000040e-01 6.582271848199810371e+00
2.555000000000000049e-01 6.732579932472782858e+00
2.565000000000000058e-01 6.839254218995815648e+00
2.575000000000000067e-01 6.906256585591680874e+00
2.585000000000000075e-01 6.973971783397917790e+00
2.595000000000000084e-01 7.073964926420616806e+00
2.605000000000000093e-01 7.168799929405695437e+00
2.615000000000000102e-01 7.221187902424157201e+00
2.625000000000000111e-01 7.274684596287178451e+00
2.635000000000000120e-01 7.319124992406079500e+00
2.645000000000000129e-01 7.399364453005807363e+00
2.655000000000000138e-01 7.411814313665368914e+00
2.665000000000000147e-01 7.389345381664139900e+00
2.675000000000000155e-01 7.347801142459566393e+00
2.685000000000000164e-01 7.284837162603778005e+00
2.695000000000000173e-01 7.257947272158830287e+00
2.705000000000000182e-01 7.181957590026478044e+00
2.715000000000000191e-01 7.129260038048801817e+00
2.725000000000000200e-01 7.075434373084918960e+00
2.735000000000000209e-01 7.026856153525358195e+00
2.745000000000000218e-01 7.014251645924383993e+00
2.755000000000000226e-01 7.027579902462885997e+00
2.765000000000000235e-01 7.026568054718032030e+00
2.775000000000000244e-01 7.031681740235040223e+00
2.785000000000000253e-01 7.034482878436321585e+00
2.795000000000000262e-01 7.059232334645371587e+00
2.805000000000000271e-01 7.086829951348964762e+00
2.815000000000000280e-01 7.167363436866626358e+00
2.825000000000000289e-01 7.229961389178673592e+00
2.835000000000000298e-01 7.287126254397630731e+00
2.845000000000000306e-01 7.350273663471843300e+00
2.855000000000000315e-01 7.381635910227387853e+00
2.865000000000000324e-01 7.418066287306711359e+00
2.875000000000000333e-01 7.447342143340455856e+00
2.885000000000000342e-01 7.454714069832752088e+00
2.894999999999999796e-01 7.472696839486578924e+00
2.904999999999999805e-01 7.452775092067279061e+00
2.914999999999999813e-01 7.460573760402828825e+00
2.924999999999999822e-01 7.371171386998107700e+00
2.934999999999999831e-01 7.306378863069588725e+00
2.944999999999999840e-01 7.217226418145834543e+00
2.954999999999999849e-01 7.130151993825611711e+00
2.964999999999999858e-01 7.004879524659606282e+00
2.974999999999999867e-01 6.844162201796166300e+00
2.984999999999999876e-01 6.760925212539257600e+00
2.994999999999999885e-01 6.644542332667084494e+00
3.004999999999999893e-01 6.546776294724848455e+00
3.014999999999999902e-01 6.417303296456452699e+00
3.024999999999999911e-01 6.312136510112431154e+00
3.034999999999999920e-01 6.209615931342558071e+00
3.044999999999999929e-01 6.122437384640841529e+00
3.054999999999999938e-01 5.958607685611897686e+00
3.064999999999999947e-01 5.797288216932297900e+00
3.074999999999999956e-01 5.685779800449552113e+00
3.084999999999999964e-01 5.545457324427425227e+00
3.094999999999999973e-01 5.408206445448476174e+00
3.104999999999999982e-01 5.276998690429858918e+00
3.114999999999999991e-01 5.186199975049803790e+00
3.125000000000000000e-01 5.110247014221847905e+00
3.135000000000000009e-01 5.073124814665059823e+00
3.145000000000000018e-01 5.041532936861325531e+00
3.155000000000000027e-01 5.014719381506663076e+00
3.165000000000000036e-01 4.940787923166762852e+00
3.175000000000000044e-01 4.889450250514558505e+00
3.185000000000000053e-01 4.838852838280280011e+00
3.195000000000000062e-01 4.842299336388654396e+00
3.205000000000000071e-01 4.853771786520783671e+00
3.215000000000000080e-01 4.857383030224855958e+00
3.225000000000000089e-01 4.798421710790639061e+00
3.235000000000000098e-01 4.720656891197328342e+00
3.245000000000000107e-01 4.628323594084741366e+00
3.255000000000000115e-01 4.558459409753470304e+00
3.265000000000000124e-01 4.467142178819788256e+00
3.275000000000000133e-01 4.376282642062804484e+00
3.285000000000000142e-01 4.324416698684928839e+00
3.295000000000000151e-01 4.240815805355011570e+00
3.305000000000000160e-01 4.162575227481679185e+00
3.315000000000000169e-01 4.077111415439341968e+00
3.325000000000000178e-01 3.981313672231477252e+00
3.335000000000000187e-01 3.871417620898268463e+00
3.345000000000000195e-01 3.769615095797576920e+00
3.355000000000000204e-01 3.684526314147764658e+00
3.365000000000000213e-01 3.601666533683482996e+00
3.375000000000000222e-01 3.484316449015531170e+00
3.385000000000000231e-01 3.419092844521430585e+00
3.395000000000000240e-01 3.295340669897989905e+00
3.405000000000000249e-01 3.227311682346960087e+00
3.415000000000000258e-01 3.123244844145750321e+00
3.425000000000000266e-01 3.043099120806395774e+00
3.435000000000000275e-01 2.941074387766328346e+00
3.445000000000000284e-01 2.814078660159456735e+00
3.455000000000000293e-01 2.733257288598657464e+00
3.465000000000000302e-01 2.651117947405492448e+00
3.475000000000000311e-01 2.590641994626855293e+00
3.485000000000000320e-01 2.515497104135023143e+00
3.495000000000000329e-01 2.472312490686489284e+00
3.505000000000000338e-01 2.458817692571659386e+00
3.515000000000000346e-01 2.402911720831387488e+00
3.524999999999999800e-01 2.362894804343262933e+00
3.534999999999999809e-01 2.337087868712178107e+00
3.544999999999999818e-01 2.279680883321717921e+00
3.554999999999999827e-01 2.244138014133401526e+00
3.564999999999999836e-01 2.204354379060739166e+00
3.574999999999999845e-01 2.147737605714280740e+00
3.584999999999999853e-01 2.125014877928697032e+00
3.594999999999999862e-01 2.094143618785503591e+00
3.604999999999999871e-01 2.060254277678988721e+00
3.614999999999999880e-01 2.007137107984418023e+00
3.624999999999999889e-01 1.957236358266996268e+00
3.634999999999999898e-01 1.906225271113764830e+00
3.644999999999999907e-01 1.876737827275918091e+00
3.654999999999999916e-01 1.866971941933532664e+00
3.664999999999999925e-01 1.850684349314122734e+00
3.674999999999999933e-01 1.837010537186996917e+00
3.684999999999999942e-01 1.824659437388494787e+00
3.694999999999999951e-01 1.787290820656430856e+00
3.704999999999999960e-01 1.794162406252302056e+00
3.714999999999999969e-01 1.769355790158495978e+00
3.724999999999999978e-01 1.732459162441491562e+00
3.734999999999999987e-01 1.685489594391168522e+00
3.744999999999999996e-01 1.682791004393962009e+00
3.755000000000000004e-01 1.652588671929225317e+00
3.765000000000000013e-01 1.608414462679580659e+00
3.775000000000000022e-01 1.559090336105421359e+00
3.785000000000000031e-01 1.521130665111357638e+00
3.795000000000000040e-01 1.484542695070371732e+00
3.805000000000000049e-01 1.442600958679418399e+00
3.815000000000000058e-01 1.396281561372705760e+00
3.825000000000000067e-01 1.354964662871620540e+00
3.835000000000000075e-01 1.314747987160012288e+00
3.845000000000000084e-01 1.287987403849658818e+00
3.855000000000000093e-01 1.270922775969226315e+00
3.865000000000000102e-01 1.232915093953854235e+00
3.875000000000000111e-01 1.199539963748836868e+00
3.885000000000000120e-01 1.177958966557763443e+00
3.895000000000000129e-01 1.147485441701046494e+00
3.905000000000000138e-01 1.104860845353495602e+00
3.915000000000000147e-01 1.067691975329359222e+00
3.925000000000000155e-01 1.063749495906049392e+00
3.935000000000000164e-01 1.024003846207847568e+00
3.945000000000000173e-01 9.990811581682965681e-01
3.955000000000000182e-01 9.902969887008026273e-01
3.965000000000000191e-01 9.687604578505704112e-01
3.975000000000000200e-01 9.405005762150389081e-01
3.985000000000000209e-01 9.348872312035655385e-01
3.995000000000000218e-01 9.182351747882104842e-01
4.005000000000000226e-01 8.918048030083099986e-01
4.015000000000000235e-01 8.692761857635106226e-01
4.025000000000000244e-01 8.592786258625340068e-01
4.035000000000000253e-01 8.445488048899305600e-01
4.045000000000000262e-01 8.277638125272149816e-01
4.055000000000000271e-01 8.128430696965736058e-01
4.065000000000000280e-01 8.047905443895256861e-01
4.075000000000000289e-01 7.989343804219396494e-01
4.085000000000000298e-01 7.861869564217160988e-01
4.095000000000000306e-01 8.017080991499785370e-01
4.105000000000000315e-01 7.955934585841502038e-01
4.115000000000000324e-01 7.902120342702889655e-01
4.125000000000000333e-01 7.853509632093218507e-01
4.135000000000000342e-01 7.941534039819371227e-01
4.145000000000000351e-01 7.845895306611040398e-01
4.155000000000000360e-01 7.863572185914937673e-01
4.165000000000000369e-01 7.903018736337046324e-01
4.174999999999999822e-01 7.701140658912091208e-01
4.184999999999999831e-01 7.686037573629495023e-01
4.194999999999999840e-01 7.732569563460616191e-01
4.204999999999999849e-01 7.632974144990078980e-01
4.214999999999999858e-01 7.634450833287792504e-01
4.224999999999999867e-01 7.554172115595280124e-01
4.234999999999999876e-01 7.500610025923613033e-01
4.244999999999999885e-01 7.340701229518422632e-01
4.254999999999999893e-01 7.255699089510325717e-01
4.264999999999999902e-01 7.247041836708320028e-01
4.274999999999999911e-01 7.006733297290073104e-01
4.284999999999999920e-01 6.806480648462366334e-01
4.294999999999999929e-01 6.659863298291783806e-01
4.304999999999999938e-01 6.488941357654995912e-01
4.314999999999999947e-01 6.396391690409553021e-01
4.324999999999999956e-01 6.200734916587581358e-01
4.334999999999999964e-01 6.016602060295535015e-01
4.344999999999999973e-01 5.894786459757552777e-01
4.354999999999999982e-01 5.738307541512234211e-01
4.364999999999999991e-01 5.589826578016391379e-01
4.375000000000000000e-01 5.357343209295566400e-01
4.385000000000000009e-01 5.187138951728897940e-01
4.395000000000000018e-01 4.943935643231193167e-01
4.405000000000000027e-01 4.734092540846320807e-01
4.415000000000000036e-01 4.754811372039177142e-01
4.425000000000000044e-01 4.581779352230506697e-01
4.435000000000000053e-01 4.403613379370257541e-01
4.445000000000000062e-01 4.288172842859031553e-01
4.455000000000000071e-01 4.211337540974069982e-01
4.465000000000000080e-01 4.189232404577801772e-01
4.475000000000000089e-01 4.243742442488634414e-01
4.485000000000000098e-01 4.102146933898379588e-01
4.495000000000000107e-01 4.002907367138263117e-01
4.505000000000000115e-01 3.893290383256017284e-01
4.515000000000000124e-01 3.832753456828029148e-01
4.525000000000000133e-01 3.794446571935606860e-01
4.535000000000000142e-01 3.782207961160369836e-01
4.545000000000000151e-01 3.728239637756574076e-01
4.555000000000000160e-01 3.888054365934816570e-01
4.565000000000000169e-01 3.829486044348639484e-01
4.575000000000000178e-01 3.732983439551246230e-01
4.585000000000000187e-01 3.833008766993329375e-01
4.595000000000000195e-01 3.730255454015397598e-01
4.605000000000000204e-01 3.639969494257138116e-01
4.615000000000000213e-01 3.543521311221458081e-01
4.625000000000000222e-01 3.447951976710416089e-01
4.635000000000000231e-01 3.399885803558378439e-01
4.645000000000000240e-01 3.272493700296933983e-01
4.655000000000000249e-01 3.145012298621843172e-01
4.665000000000000258e-01 3.028431526428334575e-01
4.675000000000000266e-01 2.861088169485739297e-01
4.685000000000000275e-01 2.837331697313968948e-01
4.695000000000000284e-01 2.831217408573989402e-01
4.705000000000000293e-01 2.802605009230194621e-01
4.715000000000000302e-01 2.690046030945359434e-01
4.725000000000000311e-01 2.653074429551167679e-01
4.735000000000000320e-01 2.657616265214737261e-01
4.745000000000000329e-01 2.624731489891795611e-01
4.755000000000000338e-01 2.618271181097352462e-01
4.765000000000000346e-01 2.574159301347849205e-01
4.775000000000000355e-01 2.491981433135204704e-01
4.785000000000000364e-01 2.548991875301866439e-01
4.795000000000000373e-01 2.471756110741858414e-01
4.804999999999999827e-01 2.498582062048526620e-01
4.814999999999999836e-01 2.398463528561534941e-01
4.824999999999999845e-01 2.263018694181854473e-01
4.834999999999999853e-01 2.125359887700367656e-01
4.844999999999999862e-01 2.001120603197531211e-01
4.854999999999999871e-01 1.987381246465771412e-01
4.864999999999999880e-01 1.991123936767369706e-01
4.874999999999999889e-01 1.931057309755807028e-01
4.884999999999999898e-01 1.831365160028385897e-01
4.894999999999999907e-01 1.761029097236099794e-01
4.904999999999999916e-01 1.837716924282050968e-01
4.914999999999999925e-01 1.898834648482959075e-01
4.924999999999999933e-01 1.995901064677191861e-01
4.934999999999999942e-01 1.938632412910632485e-01
4.944999999999999951e-01 1.974964337845595275e-01
4.954999999999999960e-01 2.052095736666342818e-01
4.964999999999999969e-01 1.983618253168869805e-01
4.974999999999999978e-01 1.995665431729765626e-01
4.984999999999999987e-01 1.957446558931215108e-01
4.994999999999999996e-01 1.969680302550017303e-01
5.004999999999999449e-01 1.999156997620633869e-01
5.014999999999999458e-01 2.050892151467143543e-01
5.024999999999999467e-01 2.050152135102345508e-01
5.034999999999999476e-01 2.075232724125019301e-01
5.044999999999999485e-01 2.074500884582969606e-01
5.054999999999999494e-01 2.137644757320510402e-01
5.064999999999999503e-01 2.168535062342046849e-01
5.074999999999999512e-01 2.191324541786921487e-01
5.084999999999999520e-01 2.183284082855996011e-01
5.094999999999999529e-01 2.159634090159976427e-01
5.104999999999999538e-01 2.148875220084952853e-01
5.114999999999999547e-01 2.081534377527105850e-01
5.124999999999999556e-01 2.109832059585212138e-01
5.134999999999999565e-01 2.076722143513547447e-01
5.144999999999999574e-01 1.991879723712223493e-01
5.154999999999999583e-01 1.904210709560763271e-01
5.164999999999999591e-01 1.815403498018111905e-01
5.174999999999999600e-01 1.727146486043409646e-01
5.184999999999999609e-01 1.641128070595718746e-01
5.194999999999999618e-01 1.559036648634183619e-01
5.204999999999999627e-01 1.482560617117866519e-01
5.214999999999999636e-01 1.413388373005904919e-01
5.224999999999999645e-01 1.353208313257375783e-01
5.234999999999999654e-01 1.303708834831398822e-01
5.244999999999999662e-01 1.266578334687064322e-01
5.254999999999999671e-01 1.243505209783483251e-01
5.264999999999999680e-01 1.236177857079752557e-01
5.274999999999999689e-01 1.246284673534977239e-01
5.284999999999999698e-01 1.275514056108267569e-01
5.294999999999999707e-01 1.325554401758705647e-01
5.304999999999999716e-01 1.398094107445421730e-01
5.314999999999999725e-01 1.494821570127482513e-01
5.324999999999999734e-01 1.617425186764039624e-01
5.334999999999999742e-01 1.767593354314137555e-01
5.344999999999999751e-01 0.000000000000000000e+00
5.354999999999999760e-01 0.000000000000000000e+00
5.364999999999999769e-01 0.000000000000000000e+00
5.374999999999999778e-01 0.000000000000000000e+00
5.384999999999999787e-01 0.000000000000000000e+00
5.394999999999999796e-01 0.000000000000000000e+00
5.404999999999999805e-01 0.000000000000000000e+00
5.414999999999999813e-01 0.000000000000000000e+00
5.424999999999999822e-01 0.000000000000000000e+00
5.434999999999999831e-01 0.000000000000000000e+00
5.444999999999999840e-01 0.000000000000000000e+00
5.454999999999999849e-01 0.000000000000000000e+00
5.464999999999999858e-01 0.000000000000000000e+00
5.474999999999999867e-01 0.000000000000000000e+00
5.484999999999999876e-01 0.000000000000000000e+00
5.494999999999999885e-01 0.000000000000000000e+00
5.504999999999999893e-01 0.000000000000000000e+00
5.514999999999999902e-01 0.000000000000000000e+00
5.524999999999999911e-01 0.000000000000000000e+00
5.534999999999999920e-01 0.000000000000000000e+00
5.544999999999999929e-01 0.000000000000000000e+00
5.554999999999999938e-01 0.000000000000000000e+00
5.564999999999999947e-01 0.000000000000000000e+00
5.574999999999999956e-01 0.000000000000000000e+00
5.584999999999999964e-01 0.000000000000000000e+00
5.594999999999999973e-01 0.000000000000000000e+00
5.604999999999999982e-01 0.000000000000000000e+00
5.614999999999999991e-01 0.000000000000000000e+00
5.625000000000000000e-01 0.000000000000000000e+00
5.635000000000000009e-01 0.000000000000000000e+00
5.645000000000000018e-01 0.000000000000000000e+00
5.655000000000000027e-01 0.000000000000000000e+00
5.665000000000000036e-01 0.000000000000000000e+00
5.675000000000000044e-01 0.000000000000000000e+00
5.685000000000000053e-01 0.000000000000000000e+00
5.695000000000000062e-01 0.000000000000000000e+00
5.705000000000000071e-01 0.000000000000000000e+00
5.715000000000000080e-01 0.000000000000000000e+00
5.725000000000000089e-01 0.000000000000000000e+00
5.735000000000000098e-01 0.000000000000000000e+00
5.745000000000000107e-01 0.000000000000000000e+00
5.755000000000000115e-01 0.000000000000000000e+00
5.765000000000000124e-01 0.000000000000000000e+00
5.774999999999999023e-01 0.000000000000000000e+00
5.784999999999999032e-01 0.000000000000000000e+00
5.794999999999999041e-01 0.000000000000000000e+00
5.804999999999999050e-01 0.000000000000000000e+00
5.814999999999999059e-01 0.000000000000000000e+00
5.824999999999999067e-01 0.000000000000000000e+00
5.834999999999999076e-01 0.000000000000000000e+00
5.844999999999999085e-01 0.000000000000000000e+00
5.854999999999999094e-01 0.000000000000000000e+00
5.864999999999999103e-01 0.000000000000000000e+00
5.874999999999999112e-01 0.000000000000000000e+00
5.884999999999999121e-01 0.000000000000000000e+00
5.894999999999999130e-01 0.000000000000000000e+00
5.904999999999999138e-01 0.000000000000000000e+00
5.914999999999999147e-01 0.000000000000000000e+00
5.924999999999999156e-01 0.000000000000000000e+00
5.934999999999999165e-01 0.000000000000000000e+00
5.944999999999999174e-01 0.000000000000000000e+00
5.954999999999999183e-01 0.000000000000000000e+00
5.964999999999999192e-01 0.000000000000000000e+00
5.974999999999999201e-01 0.000000000000000000e+00
5.984999999999999210e-01 0.000000000000000000e+00
5.994999999999999218e-01 0.000000000000000000e+00
6.004999999999999227e-01 0.000000000000000000e+00
6.014999999999999236e-01 0.000000000000000000e+00
6.024999999999999245e-01 0.000000000000000000e+00
6.034999999999999254e-01 0.000000000000000000e+00
6.044999999999999263e-01 0.000000000000000000e+00
6.054999999999999272e-01 0.000000000000000000e+00
6.064999999999999281e-01 0.000000000000000000e+00
6.074999999999999289e-01 0.000000000000000000e+00
6.084999999999999298e-01 0.000000000000000000e+00
6.094999999999999307e-01 0.000000000000000000e+00
6.104999999999999316e-01 0.000000000000000000e+00
6.114999999999999325e-01 0.000000000000000000e+00
6.124999999999999334e-01 0.000000000000000000e+00
6.134999999999999343e-01 0.000000000000000000e+00
6.144999999999999352e-01 0.000000000000000000e+00
6.154999999999999361e-01 0.000000000000000000e+00
6.164999999999999369e-01 0.000000000000000000e+00
6.174999999999999378e-01 0.000000000000000000e+00
6.184999999999999387e-01 0.000000000000000000e+00
6.194999999999999396e-01 0.000000000000000000e+00
6.204999999999999405e-01 0.000000000000000000e+00
6.214999999999999414e-01 0.000000000000000000e+00
6.224999999999999423e-01 0.000000000000000000e+00
6.234999999999999432e-01 0.000000000000000000e+00
6.244999999999999440e-01 0.000000000000000000e+00
6.254999999999999449e-01 0.000000000000000000e+00
6.264999999999999458e-01 0.000000000000000000e+00
6.274999999999999467e-01 0.000000000000000000e+00
6.284999999999999476e-01 0.000000000000000000e+00
6.294999999999999485e-01 0.000000000000000000e+00
6.304999999999999494e-01 0.000000000000000000e+00
6.314999999999999503e-01 0.000000000000000000e+00
6.324999999999999512e-01 0.000000000000000000e+00
6.334999999999999520e-01 0.000000000000000000e+00
6.344999999999999529e-01 0.000000000000000000e+00
6.354999999999999538e-01 0.000000000000000000e+00
6.364999999999999547e-01 0.000000000000000000e+00
6.374999999999999556e-01 0.000000000000000000e+00
6.384999999999999565e-01 0.000000000000000000e+00
6.394999999999999574e-01 0.000000000000000000e+00
6.404999999999999583e-01 0.000000000000000000e+00
6.414999999999999591e-01 0.000000000000000000e+00
6.424999999999999600e-01 0.000000000000000000e+00
6.434999999999999609e-01 0.000000000000000000e+00
6.444999999999999618e-01 0.000000000000000000e+00
6.454999999999999627e-01 0.000000000000000000e+00
6.464999999999999636e-01 0.000000000000000000e+00
6.474999999999999645e-01 0.000000000000000000e+00
6.484999999999999654e-01 0.000000000000000000e+00
6.494999999999999662e-01 0.000000000000000000e+00
6.504999999999999671e-01 0.000000000000000000e+00
6.514999999999999680e-01 0.000000000000000000e+00
6.524999999999999689e-01 0.000000000000000000e+00
6.534999999999999698e-01 0.000000000000000000e+00
6.544999999999999707e-01 0.000000000000000000e+00
6.554999999999999716e-01 0.000000000000000000e+00
6.564999999999999725e-01 0.000000000000000000e+00
6.574999999999999734e-01 0.000000000000000000e+00
6.584999999999999742e-01 0.000000000000000000e+00
6.594999999999999751e-01 0.000000000000000000e+00
6.604999999999999760e-01 0.000000000000000000e+00
6.614999999999999769e-01 0.000000000000000000e+00
6.624999999999999778e-01 0.000000000000000000e+00
6.634999999999999787e-01 0.000000000000000000e+00
6.644999999999999796e-01 0.000000000000000000e+00
6.654999999999999805e-01 0.000000000000000000e+00
6.664999999999999813e-01 0.000000000000000000e+00
6.674999999999999822e-01 0.000000000000000000e+00
6.684999999999999831e-01 0.000000000000000000e+00
6.694999999999999840e-01 0.000000000000000000e+00
6.704999999999999849e-01 0.000000000000000000e+00
6.714999999999999858e-01 0.000000000000000000e+00
6.724999999999999867e-01 0.000000000000000000e+00
6.734999999999999876e-01 0.000000000000000000e+00
6.744999999999999885e-01 0.000000000000000000e+00
6.754999999999999893e-01 0.000000000000000000e+00
6.764999999999999902e-01 0.000000000000000000e+00
6.774999999999999911e-01 0.000000000000000000e+00
6.784999999999999920e-01 0.000000000000000000e+00
6.794999999999999929e-01 0.000000000000000000e+00
6.804999999999999938e-01 0.000000000000000000e+00
6.814999999999999947e-01 0.000000000000000000e+00
6.824999999999999956e-01 0.000000000000000000e+00
6.834999999999999964e-01 0.000000000000000000e+00
6.844999999999999973e-01 0.000000000000000000e+00
6.854999999999999982e-01 0.000000000000000000e+00
6.864999999999999991e-01 0.000000000000000000e+00
6.875000000000000000e-01 0.000000000000000000e+00
6.885000000000000009e-01 0.000000000000000000e+00
6.895000000000000018e-01 0.000000000000000000e+00
6.905000000000000027e-01 0.000000000000000000e+00
6.915000000000000036e-01 0.000000000000000000e+00
6.925000000000000044e-01 0.000000000000000000e+00
6.935000000000000053e-01 0.000000000000000000e+00
6.945000000000000062e-01 0.000000000000000000e+00
6.955000000000000071e-01 0.000000000000000000e+00
6.965000000000000080e-01 0.000000000000000000e+00
6.975000000000000089e-01 0.000000000000000000e+00
6.985000000000000098e-01 0.000000000000000000e+00
6.995000000000000107e-01 0.000000000000000000e+00
7.005000000000000115e-01 0.000000000000000000e+00
7.015000000000000124e-01 0.000000000000000000e+00
7.025000000000000133e-01 0.000000000000000000e+00
7.035000000000000142e-01 0.000000000000000000e+00
7.044999999999999041e-01 0.000000000000000000e+00
7.054999999999999050e-01 0.000000000000000000e+00
7.064999999999999059e-01 0.000000000000000000e+00
7.074999999999999067e-01 0.000000000000000000e+00
7.084999999999999076e-01 0.000000000000000000e+00
7.094999999999999085e-01 0.000000000000000000e+00
7.104999999999999094e-01 0.000000000000000000e+00
7.114999999999999103e-01 0.000000000000000000e+00
7.124999999999999112e-01 0.000000000000000000e+00
7.134999999999999121e-01 0.000000000000000000e+00
7.144999999999999130e-01 0.000000000000000000e+00
7.154999999999999138e-01 0.000000000000000000e+00
7.164999999999999147e-01 0.000000000000000000e+00
7.174999999999999156e-01 0.000000000000000000e+00
7.184999999999999165e-01 0.000000000000000000e+00
7.194999999999999174e-01 0.000000000000000000e+00
7.204999999999999183e-01 0.000000000000000000e+00
7.214999999999999192e-01 0.000000000000000000e+00
7.224999999999999201e-01 0.000000000000000000e+00
7.234999999999999210e-01 0.000000000000000000e+00
7.244999999999999218e-01 0.000000000000000000e+00
7.254999999999999227e-01 0.000000000000000000e+00
7.264999999999999236e-01 0.000000000000000000e+00
7.274999999999999245e-01 0.000000000000000000e+00
7.284999999999999254e-01 0.000000000000000000e+00
7.294999999999999263e-01 0.000000000000000000e+00
7.304999999999999272e-01 0.000000000000000000e+00
7.314999999999999281e-01 0.000000000000000000e+00
7.324999999999999289e-01 0.000000000000000000e+00
7.334999999999999298e-01 0.000000000000000000e+00
7.344999999999999307e-01 0.000000000000000000e+00
7.354999999999999316e-01 0.000000000000000000e+00
7.364999999999999325e-01 0.000000000000000000e+00
7.374999999999999334e-01 0.000000000000000000e+00
7.384999999999999343e-01 0.000000000000000000e+00
7.394999999999999352e-01 0.000000000000000000e+00
7.404999999999999361e-01 0.000000000000000000e+00
7.414999999999999369e-01 0.000000000000000000e+00
7.424999999999999378e-01 0.000000000000000000e+00
7.434999999999999387e-01 0.000000000000000000e+00
7.444999999999999396e-01 0.000000000000000000e+00
7.454999999999999405e-01 0.000000000000000000e+00
7.464999999999999414e-01 0.000000000000000000e+00
7.474999999999999423e-01 0.000000000000000000e+00
7.484999999999999432e-01 0.000000000000000000e+00
7.494999999999999440e-01 0.000000000000000000e+00
7.504999999999999449e-01 0.000000000000000000e+00
7.514999999999999458e-01 0.000000000000000000e+00
7.524999999999999467e-01 0.000000000000000000e+00
7.534999999999999476e-01 0.000000000000000000e+00
7.544999999999999485e-01 0.000000000000000000e+00
7.554999999999999494e-01 0.000000000000000000e+00
7.564999999999999503e-01 0.000000000000000000e+00
7.574999999999999512e-01 0.000000000000000000e+00
7.584999999999999520e-01 0.000000000000000000e+00
7.594999999999999529e-01 0.000000000000000000e+00
7.604999999999999538e-01 0.000000000000000000e+00
7.614999999999999547e-01 0.000000000000000000e+00
7.624999999999999556e-01 0.000000000000000000e+00
7.634999999999999565e-01 0.000000000000000000e+00
7.644999999999999574e-01 0.000000000000000000e+00
7.654999999999999583e-01 0.000000000000000000e+00
7.664999999999999591e-01 0.000000000000000000e+00
7.674999999999999600e-01 0.000000000000000000e+00
7.684999999999999609e-01 0.000000000000000000e+00
7.694999999999999618e-01 0.000000000000000000e+00
7.704999999999999627e-01 0.000000000000000000e+00
7.714999999999999636e-01 0.000000000000000000e+00
7.724999999999999645e-01 0.000000000000000000e+00
7.734999999999999654e-01 0.000000000000000000e+00
7.744999999999999662e-01 0.000000000000000000e+00
7.754999999999999671e-01 0.000000000000000000e+00
7.764999999999999680e-01 0.000000000000000000e+00
7.774999999999999689e-01 0.000000000000000000e+00
7.784999999999999698e-01 0.000000000000000000e+00
7.794999999999999707e-01 0.000000000000000000e+00
7.804999999999999716e-01 0.000000000000000000e+00
7.814999999999999725e-01 0.000000000000000000e+00
7.824999999999999734e-01 0.000000000000000000e+00
7.834999999999999742e-01 0.000000000000000000e+00
7.844999999999999751e-01 0.000000000000000000e+00
7.854999999999999760e-01 0.000000000000000000e+00
7.864999999999999769e-01 0.000000000000000000e+00
7.874999999999999778e-01 0.000000000000000000e+00
7.884999999999999787e-01 0.000000000000000000e+00
7.894999999999999796e-01 0.000000000000000000e+00
7.904999999999999805e-01 0.000000000000000000e+00
7.914999999999999813e-01 0.000000000000000000e+00
7.924999999999999822e-01 0.000000000000000000e+00
7.934999999999999831e-01 0.000000000000000000e+00
7.944999999999999840e-01 0.000000000000000000e+00
7.954999999999999849e-01 0.000000000000000000e+00
7.964999999999999858e-01 0.000000000000000000e+00
7.974999999999999867e-01 0.000000000000000000e+00
7.984999999999999876e-01 0.000000000000000000e+00
7.994999999999999885e-01 0.000000000000000000e+00
8.004999999999999893e-01 0.000000000000000000e+00
8.014999999999999902e-01 0.000000000000000000e+00
8.024999999999999911e-01 0.000000000000000000e+00
8.034999999999999920e-01 0.000000000000000000e+00
8.044999999999999929e-01 0.000000000000000000e+00
8.054999999999999938e-01 0.000000000000000000e+00
8.064999999999999947e-01 0.000000000000000000e+00
8.074999999999999956e-01 0.000000000000000000e+00
8.084999999999999964e-01 0.000000000000000000e+00
8.094999999999999973e-01 0.000000000000000000e+00
8.104999999999999982e-01 0.000000000000000000e+00
8.114999999999999991e-01 0.000000000000000000e+00
8.125000000000000000e-01 0.000000000000000000e+00
8.135000000000000009e-01 0.000000000000000000e+00
8.145000000000000018e-01 0.000000000000000000e+00
8.155000000000000027e-01 0.000000000000000000e+00
8.165000000000000036e-01 0.000000000000000000e+00
8.175000000000000044e-01 0.000000000000000000e+00
8.185000000000000053e-01 0.000000000000000000e+00
8.195000000000000062e-01 0.000000000000000000e+00
8.205000000000000071e-01 0.000000000000000000e+00
8.215000000000000080e-01 0.000000000000000000e+00
8.225000000000000089e-01 0.000000000000000000e+00
8.235000000000000098e-01 0.000000000000000000e+00
8.245000000000000107e-01 0.000000000000000000e+00
8.255000000000000115e-01 0.000000000000000000e+00
8.265000000000000124e-01 0.000000000000000000e+00
8.275000000000000133e-01 0.000000000000000000e+00
8.285000000000000142e-01 0.000000000000000000e+00
8.295000000000000151e-01 0.000000000000000000e+00
8.305000000000000160e-01 0.000000000000000000e+00
8.315000000000000169e-01 0.000000000000000000e+00
8.325000000000000178e-01 0.000000000000000000e+00
8.334999999999999076e-01 0.000000000000000000e+00
8.344999999999999085e-01 0.000000000000000000e+00
8.354999999999999094e-01 0.000000000000000000e+00
8.364999999999999103e-01 0.000000000000000000e+00
8.374999999999999112e-01 0.000000000000000000e+00
8.384999999999999121e-01 0.000000000000000000e+00
8.394999999999999130e-01 0.000000000000000000e+00
8.404999999999999138e-01 0.000000000000000000e+00
8.414999999999999147e-01 0.000000000000000000e+00
8.424999999999999156e-01 0.000000000000000000e+00
8.434999999999999165e-01 0.000000000000000000e+00
8.444999999999999174e-01 0.000000000000000000e+00
8.454999999999999183e-01 0.000000000000000000e+00
8.464999999999999192e-01 0.000000000000000000e+00
8.474999999999999201e-01 0.000000000000000000e+00
8.484999999999999210e-01 0.000000000000000000e+00
8.494999999999999218e-01 0.000000000000000000e+00
8.504999999999999227e-01 0.000000000000000000e+00
8.514999999999999236e-01 0.000000000000000000e+00
8.524999999999999245e-01 0.000000000000000000e+00
8.534999999999999254e-01 0.000000000000000000e+00
8.544999999999999263e-01 0.000000000000000000e+00
8.554999999999999272e-01 0.000000000000000000e+00
8.564999999999999281e-01 0.000000000000000000e+00
8.574999999999999289e-01 0.000000000000000000e+00
8.584999999999999298e-01 0.000000000000000000e+00
8.594999999999999307e-01 0.000000000000000000e+00
8.604999999999999316e-01 0.000000000000000000e+00
8.614999999999999325e-01 0.000000000000000000e+00
8.624999999999999334e-01 0.000000000000000000e+00
8.634999999999999343e-01 0.000000000000000000e+00
8.644999999999999352e-01 0.000000000000000000e+00
8.654999999999999361e-01 0.000000000000000000e+00
8.664999999999999369e-01 0.000000000000000000e+00
8.674999999999999378e-01 0.000000000000000000e+00
8.684999999999999387e-01 0.000000000000000000e+00
8.694999999999999396e-01 0.000000000000000000e+00
8.704999999999999405e-01 0.000000000000000000e+00
8.714999999999999414e-01 0.000000000000000000e+00
8.724999999999999423e-01 0.000000000000000000e+00
8.734999999999999432e-01 0.000000000000000000e+00
8.744999999999999440e-01 0.000000000000000000e+00
8.754999999999999449e-01 0.000000000000000000e+00
8.764999999999999458e-01 0.000000000000000000e+00
8.774999999999999467e-01 0.000000000000000000e+00
8.784999999999999476e-01 0.000000000000000000e+00
8.794999999999999485e-01 0.000000000000000000e+00
8.804999999999999494e-01 0.000000000000000000e+00
8.814999999999999503e-01 0.000000000000000000e+00
8.824999999999999512e-01 0.000000000000000000e+00
8.834999999999999520e-01 0.000000000000000000e+00
8.844999999999999529e-01 0.000000000000000000e+00
8.854999999999999538e-01 0.000000000000000000e+00
8.864999999999999547e-01 0.000000000000000000e+00
8.874999999999999556e-01 0.000000000000000000e+00
8.884999999999999565e-01 0.000000000000000000e+00
8.894999999999999574e-01 0.000000000000000000e+00
8.904999999999999583e-01 0.000000000000000000e+00
8.914999999999999591e-01 0.000000000000000000e+00
8.924999999999999600e-01 0.000000000000000000e+00
8.934999999999999609e-01 0.000000000000000000e+00
8.944999999999999618e-01 0.000000000000000000e+00
8.954999999999999627e-01 0.000000000000000000e+00
8.964999999999999636e-01 0.000000000000000000e+00
8.974999999999999645e-01 0.000000000000000000e+00
8.984999999999999654e-01 0.000000000000000000e+00
8.994999999999999662e-01 0.000000000000000000e+00
9.004999999999999671e-01 0.000000000000000000e+00
9.014999999999999680e-01 0.000000000000000000e+00
9.024999999999999689e-01 0.000000000000000000e+00
9.034999999999999698e-01 0.000000000000000000e+00
9.044999999999999707e-01 0.000000000000000000e+00
9.054999999999999716e-01 0.000000000000000000e+00
9.064999999999999725e-01 0.000000000000000000e+00
9.074999999999999734e-01 0.000000000000000000e+00
9.084999999999999742e-01 0.000000000000000000e+00
9.094999999999999751e-01 0.000000000000000000e+00
9.104999999999999760e-01 0.000000000000000000e+00
9.114999999999999769e-01 0.000000000000000000e+00
9.124999999999999778e-01 0.000000000000000000e+00
9.134999999999999787e-01 0.000000000000000000e+00
9.144999999999999796e-01 0.000000000000000000e+00
9.154999999999999805e-01 0.000000000000000000e+00
9.164999999999999813e-01 0.000000000000000000e+00
9.174999999999999822e-01 0.000000000000000000e+00
9.184999999999999831e-01 0.000000000000000000e+00
9.194999999999999840e-01 0.000000000000000000e+00
9.204999999999999849e-01 0.000000000000000000e+00
9.214999999999999858e-01 0.000000000000000000e+00
9.224999999999999867e-01 0.000000000000000000e+00
9.234999999999999876e-01 0.000000000000000000e+00
9.244999999999999885e-01 0.000000000000000000e+00
9.254999999999999893e-01 0.000000000000000000e+00
9.264999999999999902e-01 0.000000000000000000e+00
9.274999999999999911e-01 0.000000000000000000e+00
9.284999999999999920e-01 0.000000000000000000e+00
9.294999999999999929e-01 0.000000000000000000e+00
9.304999999999999938e-01 0.000000000000000000e+00
9.314999999999999947e-01 0.000000000000000000e+00
9.324999999999999956e-01 0.000000000000000000e+00
9.334999999999999964e-01 0.000000000000000000e+00
9.344999999999999973e-01 0.000000000000000000e+00
9.354999999999999982e-01 0.000000000000000000e+00
9.364999999999999991e-01 0.000000000000000000e+00
9.375000000000000000e-01 0.000000000000000000e+00
9.385000000000000009e-01 0.000000000000000000e+00
9.395000000000000018e-01 0.000000000000000000e+00
9.405000000000000027e-01 0.000000000000000000e+00
9.415000000000000036e-01 0.000000000000000000e+00
9.425000000000000044e-01 0.000000000000000000e+00
9.435000000000000053e-01 0.000000000000000000e+00
9.445000000000000062e-01 0.000000000000000000e+00
9.455000000000000071e-01 0.000000000000000000e+00
9.465000000000000080e-01 0.000000000000000000e+00
9.475000000000000089e-01 0.000000000000000000e+00
9.485000000000000098e-01 0.000000000000000000e+00
9.495000000000000107e-01 0.000000000000000000e+00
9.505000000000000115e-01 0.000000000000000000e+00
9.515000000000000124e-01 0.000000000000000000e+00
9.525000000000000133e-01 0.000000000000000000e+00
9.535000000000000142e-01 0.000000000000000000e+00
9.545000000000000151e-01 0.000000000000000000e+00
9.555000000000000160e-01 0.000000000000000000e+00
9.565000000000000169e-01 0.000000000000000000e+00
9.575000000000000178e-01 0.000000000000000000e+00
9.585000000000000187e-01 0.000000000000000000e+00
9.595000000000000195e-01 0.000000000000000000e+00
9.604999999999999094e-01 0.000000000000000000e+00
9.614999999999999103e-01 0.000000000000000000e+00
9.624999999999999112e-01 0.000000000000000000e+00
9.634999999999999121e-01 0.000000000000000000e+00
9.644999999999999130e-01 0.000000000000000000e+00
9.654999999999999138e-01 0.000000000000000000e+00
9.664999999999999147e-01 0.000000000000000000e+00
9.674999999999999156e-01 0.000000000000000000e+00
9.684999999999999165e-01 0.000000000000000000e+00
9.694999999999999174e-01 0.000000000000000000e+00
9.704999999999999183e-01 0.000000000000000000e+00
9.714999999999999192e-01 0.000000000000000000e+00
9.724999999999999201e-01 0.000000000000000000e+00
9.734999999999999210e-01 0.000000000000000000e+00
9.744999999999999218e-01 0.000000000000000000e+00
9.754999999999999227e-01 0.000000000000000000e+00
9.764999999999999236e-01 0.000000000000000000e+00
9.774999999999999245e-01 0.000000000000000000e+00
9.784999999999999254e-01 0.000000000000000000e+00
9.794999999999999263e-01 0.000000000000000000e+00
9.804999999999999272e-01 0.000000000000000000e+00
9.814999999999999281e-01 0.000000000000000000e+00
9.824999999999999289e-01 0.000000000000000000e+00
9.834999999999999298e-01 0.000000000000000000e+00
9.844999999999999307e-01 0.000000000000000000e+00
9.854999999999999316e-01 0.000000000000000000e+00
9.864999999999999325e-01 0.000000000000000000e+00
9.874999999999999334e-01 0.000000000000000000e+00
9.884999999999999343e-01 0.000000000000000000e+00
9.894999999999999352e-01 0.000000000000000000e+00
9.904999999999999361e-01 0.000000000000000000e+00
9.914999999999999369e-01 0.000000000000000000e+00
9.924999999999999378e-01 0.000000000000000000e+00
9.934999999999999387e-01 0.000000000000000000e+00
9.944999999999999396e-01 0.000000000000000000e+00
9.954999999999999405e-01 0.000000000000000000e+00
9.964999999999999414e-01 0.000000000000000000e+00
9.974999999999999423e-01 0.000000000000000000e+00
9.984999999999999432e-01 0.000000000000000000e+00
9.994999999999999440e-01 0.000000000000000000e+00
