5.000000000000000104e-04 0.000000000000000000e+00
1.500000000000000031e-03 0.000000000000000000e+00
2.500000000000000052e-03 0.000000000000000000e+00
3.500000000000000073e-03 0.000000000000000000e+00
4.500000000000000527e-03 0.000000000000000000e+00
5.499999999999999681e-03 0.000000000000000000e+00
6.500000000000000569e-03 0.000000000000000000e+00
7.499999999999999722e-03 0.000000000000000000e+00
8.500000000000000611e-03 0.000000000000000000e+00
9.500000000000001499e-03 0.000000000000000000e+00
1.050000000000000065e-02 0.000000000000000000e+00
1.149999999999999981e-02 0.000000000000000000e+00
1.250000000000000069e-02 0.000000000000000000e+00
1.350000000000000158e-02 0.000000000000000000e+00
1.450000000000000074e-02 0.000000000000000000e+00
1.549999999999999989e-02 0.000000000000000000e+00
1.650000000000000078e-02 0.000000000000000000e+00
1.750000000000000167e-02 0.000000000000000000e+00
1.850000000000000255e-02 0.000000000000000000e+00
1.949999999999999997e-02 0.000000000000000000e+00
2.050000000000000086e-02 0.000000000000000000e+00
2.150000000000000175e-02 0.000000000000000000e+00
2.249999999999999917e-02 0.000000000000000000e+00
2.350000000000000006e-02 0.000000000000000000e+00
2.450000000000000094e-02 0.000000000000000000e+00
2.550000000000000183e-02 0.000000000000000000e+00
2.650000000000000272e-02 0.000000000000000000e+00
2.750000000000000014e-02 0.000000000000000000e+00
2.850000000000000103e-02 0.000000000000000000e+00
2.950000000000000192e-02 0.000000000000000000e+00
3.049999999999999933e-02 0.000000000000000000e+00
3.150000000000000022e-02 0.000000000000000000e+00
3.250000000000000111e-02 0.000000000000000000e+00
3.350000000000000200e-02 0.000000000000000000e+00
3.450000000000000289e-02 0.000000000000000000e+00
3.550000000000000377e-02 0.000000000000000000e+00
3.650000000000000466e-02 0.000000000000000000e+00
3.749999999999999861e-02 0.000000000000000000e+00
3.849999999999999950e-02 0.000000000000000000e+00
3.950000000000000039e-02 0.000000000000000000e+00
4.050000000000000128e-02 0.000000000000000000e+00
4.150000000000000216e-02 0.000000000000000000e+00
4.250000000000000305e-02 0.000000000000000000e+00
4.350000000000000394e-02 0.000000000000000000e+00
4.449999999999999789e-02 0.000000000000000000e+00
4.549999999999999878e-02 0.000000000000000000e+00
4.649999999999999967e-02 0.000000000000000000e+00
4.750000000000000056e-02 0.000000000000000000e+00
4.850000000000000144e-02 0.000000000000000000e+00
4.950000000000000233e-02 0.000000000000000000e+00
5.050000000000000322e-02 0.000000000000000000e+00
5.150000000000000411e-02 0.000000000000000000e+00
5.250000000000000500e-02 0.000000000000000000e+00
5.349999999999999895e-02 0.000000000000000000e+00
5.449999999999999983e-02 0.000000000000000000e+00
5.550000000000000072e-02 0.000000000000000000e+00
5.650000000000000161e-02 0.000000000000000000e+00
5.750000000000000250e-02 0.000000000000000000e+00
5.850000000000000339e-02 0.000000000000000000e+00
5.950000000000000427e-02 0.000000000000000000e+00
6.049999999999999822e-02 0.000000000000000000e+00
6.149999999999999911e-02 0.000000000000000000e+00
6.250000000000000000e-02 0.000000000000000000e+00
6.350000000000000089e-02 0.000000000000000000e+00
6.450000000000000178e-02 0.000000000000000000e+00
6.550000000000000266e-02 0.000000000000000000e+00
6.650000000000000355e-02 0.000000000000000000e+00
6.750000000000000444e-02 3.218724240635602654e-04
6.850000000000000533e-02 3.993317260804920762e-03
6.950000000000000622e-02 7.082843498236983046e-03
7.050000000000000711e-02 9.628416964368776559e-03
7.150000000000000799e-02 1.166800348720933855e-02
7.250000000000000888e-02 1.323956889476769760e-02
7.349999999999999589e-02 1.438107901505289443e-02
7.449999999999999678e-02 1.513049967607395241e-02
7.549999999999999767e-02 1.552579670583990532e-02
7.649999999999999856e-02 1.560493593235979040e-02
7.749999999999999944e-02 1.540588318364264318e-02
7.850000000000000033e-02 1.496660428769749224e-02
7.950000000000000122e-02 1.432506507253336440e-02
8.050000000000000211e-02 1.351923136615930388e-02
8.150000000000000300e-02 1.258706899658433402e-02
8.250000000000000389e-02 1.156654379181748342e-02
8.350000000000000477e-02 1.049562157986780840e-02
8.450000000000000566e-02 9.412268188744320196e-03
8.550000000000000655e-02 8.354449446456056055e-03
8.650000000000000744e-02 7.360131181012043687e-03
8.750000000000000833e-02 6.467279220421694175e-03
8.849999999999999534e-02 8.235136752910737767e-03
8.949999999999999623e-02 9.712698605242632566e-03
9.049999999999999711e-02 4.769285931422829333e-03
9.149999999999999800e-02 7.315488670106480053e-03
9.249999999999999889e-02 9.543437646288685863e-03
9.349999999999999978e-02 1.119245034160001526e-02
9.450000000000000067e-02 1.847628796298495663e-02
9.550000000000000155e-02 2.094255336696262959e-02
9.650000000000000244e-02 2.309365936898558763e-02
9.750000000000000333e-02 2.173425555215760877e-02
9.850000000000000422e-02 2.409592443892803401e-02
9.950000000000000511e-02 2.007431032528448483e-02
1.005000000000000060e-01 1.826997536728431140e-02
1.015000000000000069e-01 2.242692694081334717e-02
1.025000000000000078e-01 2.607609563748054804e-02
1.035000000000000087e-01 2.672571994854873456e-02
1.045000000000000095e-01 2.822357059786744990e-02
1.054999999999999966e-01 2.774801110445525992e-02
1.064999999999999974e-01 3.147154578563847449e-02
1.074999999999999983e-01 3.387731447059490891e-02
1.084999999999999992e-01 3.890701457984246936e-02
1.095000000000000001e-01 4.257908417166568482e-02
1.105000000000000010e-01 4.490009665115569232e-02
1.115000000000000019e-01 4.548451045685127092e-02
1.125000000000000028e-01 4.735744301591045952e-02
1.135000000000000037e-01 4.685016867252839168e-02
1.145000000000000046e-01 4.404443371445357358e-02
1.155000000000000054e-01 4.798943003481447728e-02
1.165000000000000063e-01 4.492813354680684490e-02
1.175000000000000072e-01 4.703163255848989005e-02
1.185000000000000081e-01 4.069975084618757816e-02
1.195000000000000090e-01 3.325420145473863970e-02
1.204999999999999960e-01 3.913375671057782446e-02
1.214999999999999969e-01 4.157504955533423974e-02
1.224999999999999978e-01 4.129987664755190718e-02
1.234999999999999987e-01 4.066762128810321592e-02
1.244999999999999996e-01 4.596567883059952953e-02
1.255000000000000004e-01 4.479063247399803216e-02
1.265000000000000013e-01 5.161060124248391390e-02
1.275000000000000022e-01 5.237363414906583831e-02
1.285000000000000031e-01 5.341381029610080267e-02
1.295000000000000040e-01 5.342703779609708770e-02
1.305000000000000049e-01 5.775453198306969294e-02
1.315000000000000058e-01 6.913161938448467159e-02
1.325000000000000067e-01 6.719433763690610406e-02
1.335000000000000075e-01 7.667444128512765356e-02
1.345000000000000084e-01 8.739445651797896064e-02
1.355000000000000093e-01 9.786481183637327219e-02
1.365000000000000102e-01 1.031238999516567584e-01
1.375000000000000111e-01 1.115300521978520448e-01
1.385000000000000120e-01 1.209078899509396510e-01
1.395000000000000129e-01 1.218555017456101203e-01
1.405000000000000138e-01 1.257109211132368398e-01
1.415000000000000147e-01 1.334541371055389392e-01
1.425000000000000155e-01 1.349959017788203985e-01
1.435000000000000164e-01 1.425026346909644415e-01
1.445000000000000173e-01 1.471592157171130177e-01
1.454999999999999905e-01 1.513881932705480882e-01
1.464999999999999913e-01 1.545583177997368884e-01
1.474999999999999922e-01 1.630658089464570026e-01
1.484999999999999931e-01 1.639234497218590991e-01
1.494999999999999940e-01 1.708299555012443016e-01
1.504999999999999949e-01 1.707560886676715295e-01
1.514999999999999958e-01 1.772846715052557864e-01
1.524999999999999967e-01 1.794121297622150724e-01
1.534999999999999976e-01 1.773487410941866627e-01
1.544999999999999984e-01 1.742853560535480573e-01
1.554999999999999993e-01 1.798756852383940619e-01
1.565000000000000002e-01 1.732170473089893192e-01
1.575000000000000011e-01 1.716168256801276770e-01
1.585000000000000020e-01 1.657499481076442904e-01
1.595000000000000029e-01 1.679348256116439675e-01
1.605000000000000038e-01 1.754045988358992614e-01
1.615000000000000047e-01 1.810935478621847616e-01
1.625000000000000056e-01 1.829960973360463261e-01
1.635000000000000064e-01 1.818252036901119306e-01
1.645000000000000073e-01 1.815752003748179189e-01
1.655000000000000082e-01 1.845171716397777661e-01
1.665000000000000091e-01 1.872722746777362168e-01
1.675000000000000100e-01 1.808811854069314884e-01
1.685000000000000109e-01 1.959696364631464127e-01
1.695000000000000118e-01 2.045694799169055500e-01
1.705000000000000127e-01 2.149446099955762968e-01
1.715000000000000135e-01 2.202505244741606028e-01
1.725000000000000144e-01 2.316795329562108541e-01
1.735000000000000153e-01 2.509544248982603087e-01
1.745000000000000162e-01 2.387211472615903274e-01
1.755000000000000171e-01 2.506597794741696195e-01
1.764999999999999902e-01 2.603280179918231463e-01
1.774999999999999911e-01 2.648657579338086210e-01
1.784999999999999920e-01 2.756305297424029299e-01
1.794999999999999929e-01 2.761681303203487037e-01
1.804999999999999938e-01 2.838170912272039992e-01
1.814999999999999947e-01 2.972575241369793675e-01
1.824999999999999956e-01 3.136793330886222808e-01
1.834999999999999964e-01 3.202676038705788986e-01
1.844999999999999973e-01 3.241425726913140792e-01
1.854999999999999982e-01 3.325702203286933778e-01
1.864999999999999991e-01 3.389601330294172432e-01
1.875000000000000000e-01 3.547889544134857354e-01
1.885000000000000009e-01 3.612401857434304753e-01
1.895000000000000018e-01 3.769401154702078927e-01
1.905000000000000027e-01 3.778454026426031342e-01
1.915000000000000036e-01 3.944323311015769384e-01
1.925000000000000044e-01 3.892840188420575442e-01
1.935000000000000053e-01 3.926351024767428810e-01
1.945000000000000062e-01 4.065424535637884862e-01
1.955000000000000071e-01 4.074793598842812448e-01
1.965000000000000080e-01 3.911046850431375010e-01
1.975000000000000089e-01 3.931488282522409561e-01
1.985000000000000098e-01 3.959349687210318991e-01
1.995000000000000107e-01 4.093685261080399207e-01
2.005000000000000115e-01 4.198676914430954366e-01
2.015000000000000124e-01 4.377243379287390490e-01
2.025000000000000133e-01 4.394770914539260498e-01
2.035000000000000142e-01 4.425873535235628209e-01
2.045000000000000151e-01 4.548661308328686981e-01
2.055000000000000160e-01 4.800563536425362376e-01
2.065000000000000169e-01 4.832741039271379324e-01
2.075000000000000178e-01 4.820940097658847345e-01
2.085000000000000187e-01 5.074597648219213442e-01
2.094999999999999918e-01 5.101701544438050906e-01
2.104999999999999927e-01 5.332111533882771814e-01
2.114999999999999936e-01 5.529905255543303699e-01
2.124999999999999944e-01 5.581094498329386422e-01
2.134999999999999953e-01 5.656381547691227141e-01
2.144999999999999962e-01 5.799433272814371598e-01
2.154999999999999971e-01 6.069755915869013974e-01
2.164999999999999980e-01 6.213009365527488725e-01
2.174999999999999989e-01 6.339039968425284055e-01
2.184999999999999998e-01 6.635594494753902506e-01
2.195000000000000007e-01 6.836524873435831928e-01
2.205000000000000016e-01 6.947443118574346821e-01
2.215000000000000024e-01 7.071861257509624021e-01
2.225000000000000033e-01 7.135874494926117695e-01
2.235000000000000042e-01 7.210435992738293276e-01
2.245000000000000051e-01 7.280833333188884149e-01
2.255000000000000060e-01 7.494996034490892800e-01
2.265000000000000069e-01 7.610826600453678425e-01
2.275000000000000078e-01 7.758692598894385561e-01
2.285000000000000087e-01 7.893014005134306732e-01
2.295000000000000095e-01 7.914387085572374136e-01
2.305000000000000104e-01 8.030636994622719627e-01
2.315000000000000113e-01 8.011537659321634752e-01
2.325000000000000122e-01 7.910528517425498007e-01
2.335000000000000131e-01 8.023228243539544113e-01
2.345000000000000140e-01 8.057446147839091299e-01
2.355000000000000149e-01 7.733289531367111280e-01
2.365000000000000158e-01 7.832315186276287422e-01
2.375000000000000167e-01 8.039064201280895494e-01
2.385000000000000175e-01 8.258431864721467175e-01
2.395000000000000184e-01 8.329227794088809311e-01
2.404999999999999916e-01 8.719000785698495237e-01
2.414999999999999925e-01 9.065282905742817476e-01
2.424999999999999933e-01 9.355554454016017374e-01
2.434999999999999942e-01 9.747841177281959535e-01
2.444999999999999951e-01 1.029537955026686769e+00
2.454999999999999960e-01 1.072163403940855186e+00
2.464999999999999969e-01 1.120584618306658120e+00
2.474999999999999978e-01 1.184234822866814696e+00
2.484999999999999987e-01 1.233411074341570934e+00
2.494999999999999996e-01 1.262952564809263212e+00
2.505000000000000004e-01 1.332169400143502491e+00
2.515000000000000013e-01 1.387975659675705797e+00
2.525000000000000022e-01 1.447927332138016165e+00
2.535000000000000031e-01 1.521010864648789873e+00
2.545000000000000040e-01 1.583584203591072992e+00
2.555000000000000049e-01 1.634177998708502555e+00
2.565000000000000058e-01 1.683746652255432075e+00
2.575000000000000067e-01 1.754515625595340245e+00
2.585000000000000075e-01 1.787306310980552482e+00
2.595000000000000084e-01 1.833190468704279041e+00
2.605000000000000093e-01 1.855528040120218991e+00
2.615000000000000102e-01 1.932546174977386677e+00
2.625000000000000111e-01 1.998115748146384707e+00
2.635000000000000120e-01 2.049671326441657282e+00
2.645000000000000129e-01 2.097811186684616303e+00
2.655000000000000138e-01 2.149848359320796654e+00
2.665000000000000147e-01 2.164892729343900868e+00
2.675000000000000155e-01 2.192535732976051310e+00
2.685000000000000164e-01 2.258618450203273564e+00
2.695000000000000173e-01 2.302885372006405085e+00
2.705000000000000182e-01 2.335871261064073057e+00
2.715000000000000191e-01 2.356751476858352401e+00
2.725000000000000200e-01 2.383757271151764279e+00
2.735000000000000209e-01 2.414378678438210635e+00
2.745000000000000218e-01 2.496368047066507057e+00
2.755000000000000226e-01 2.575300435173597968e+00
2.765000000000000235e-01 2.686190986817293513e+00
2.775000000000000244e-01 2.768235701152060635e+00
2.785000000000000253e-01 2.885264796083867100e+00
2.795000000000000262e-01 2.982814958928271309e+00
2.805000000000000271e-01 3.158520065397079080e+00
2.815000000000000280e-01 3.298929255402498928e+00
2.825000000000000289e-01 3.441169072109775406e+00
2.835000000000000298e-01 3.617344632095624846e+00
2.845000000000000306e-01 3.772169550917763736e+00
2.855000000000000315e-01 3.916915814679947427e+00
2.865000000000000324e-01 4.111761303170635706e+00
2.875000000000000333e-01 4.285063495122109600e+00
2.885000000000000342e-01 4.431033168463680560e+00
2.894999999999999796e-01 4.631463523626447198e+00
2.904999999999999805e-01 4.858262026517693677e+00
2.914999999999999813e-01 5.055455455367654949e+00
2.924999999999999822e-01 5.185836549049396282e+00
2.934999999999999831e-01 5.348415363066877148e+00
2.944999999999999840e-01 5.506773257253312792e+00
2.954999999999999849e-01 5.638379986052141746e+00
2.964999999999999858e-01 5.771211115226222432e+00
2.974999999999999867e-01 5.904427196738465611e+00
2.984999999999999876e-01 6.072463939214914674e+00
2.994999999999999885e-01 6.244986434874933323e+00
3.004999999999999893e-01 6.399343724323566462e+00
3.014999999999999902e-01 6.576843203373177182e+00
3.024999999999999911e-01 6.740069267920102192e+00
3.034999999999999920e-01 6.848613286585029769e+00
3.044999999999999929e-01 6.995636875860196113e+00
3.054999999999999938e-01 7.120297527093704559e+00
3.064999999999999947e-01 7.270932920052121773e+00
3.074999999999999956e-01 7.377786575306806149e+00
3.084999999999999964e-01 7.507733054884712764e+00
3.094999999999999973e-01 7.528936418372686568e+00
3.104999999999999982e-01 7.592650411045822167e+00
3.114999999999999991e-01 7.705190482041922806e+00
3.125000000000000000e-01 7.803650420664345333e+00
3.135000000000000009e-01 7.920677224380888504e+00
3.145000000000000018e-01 8.067868267538543137e+00
3.155000000000000027e-01 8.200205942845705920e+00
3.165000000000000036e-01 8.274837192311064626e+00
3.175000000000000044e-01 8.372657485888272078e+00
3.185000000000000053e-01 8.482975040396787847e+00
3.195000000000000062e-01 8.629194167237086432e+00
3.205000000000000071e-01 8.754348467494420305e+00
3.215000000000000080e-01 8.866756087098892181e+00
3.225000000000000089e-01 8.977292267844310558e+00
3.235000000000000098e-01 9.105658206602097238e+00
3.245000000000000107e-01 9.157378666088455077e+00
3.255000000000000115e-01 9.242422767182359777e+00
3.265000000000000124e-01 9.329585917903857606e+00
3.275000000000000133e-01 9.368153245254763561e+00
3.285000000000000142e-01 9.392328804910707873e+00
3.295000000000000151e-01 9.464964120515922730e+00
3.305000000000000160e-01 9.471799940141428564e+00
3.315000000000000169e-01 9.431574121856581172e+00
3.325000000000000178e-01 9.394837214791536439e+00
3.335000000000000187e-01 9.422067512542239953e+00
3.345000000000000195e-01 9.396240928574904672e+00
3.355000000000000204e-01 9.375402418155200479e+00
3.365000000000000213e-01 9.335099253992162005e+00
3.375000000000000222e-01 9.273097467274222794e+00
3.385000000000000231e-01 9.229584274654181186e+00
3.395000000000000240e-01 9.113437515333584926e+00
3.405000000000000249e-01 9.058466322193648779e+00
3.415000000000000258e-01 8.920494283581057005e+00
3.425000000000000266e-01 8.799116613778878104e+00
3.435000000000000275e-01 8.640047168663507193e+00
3.445000000000000284e-01 8.521727729136458152e+00
3.455000000000000293e-01 8.365368084419671391e+00
3.465000000000000302e-01 8.240819312428047994e+00
3.475000000000000311e-01 8.030716449693221293e+00
3.485000000000000320e-01 7.909665903903629669e+00
3.495000000000000329e-01 7.741513136980313625e+00
3.505000000000000338e-01 7.638810257713501528e+00
3.515000000000000346e-01 7.516013120848791473e+00
3.524999999999999800e-01 7.351153430966358648e+00
3.534999999999999809e-01 7.195426925444086130e+00
3.544999999999999818e-01 7.066197378617811609e+00
3.554999999999999827e-01 6.921428576126331222e+00
3.564999999999999836e-01 6.753250472601544985e+00
3.574999999999999845e-01 6.652783881509639841e+00
3.584999999999999853e-01 6.538868056688683872e+00
3.594999999999999862e-01 6.448902963430533930e+00
3.604999999999999871e-01 6.319313350506301497e+00
3.614999999999999880e-01 6.196495025998072670e+00
3.624999999999999889e-01 6.084977959231036237e+00
3.634999999999999898e-01 5.918577973980791107e+00
3.644999999999999907e-01 5.757436823517338098e+00
3.654999999999999916e-01 5.643904485482408973e+00
3.664999999999999925e-01 5.526268064590753148e+00
3.674999999999999933e-01 5.408216866153880531e+00
3.684999999999999942e-01 5.302766232252053236e+00
3.694999999999999951e-01 5.213118308135072709e+00
3.704999999999999960e-01 5.072524574895244776e+00
3.714999999999999969e-01 4.974339567111388583e+00
3.724999999999999978e-01 4.873995665820182843e+00
3.734999999999999987e-01 4.764210134910053185e+00
3.744999999999999996e-01 4.654134933196696799e+00
3.755000000000000004e-01 4.533839499576680865e+00
3.765000000000000013e-01 4.366074233288752993e+00
3.775000000000000022e-01 4.212612765909806711e+00
3.785000000000000031e-01 4.115491850358617754e+00
3.795000000000000040e-01 4.002475495537500372e+00
3.805000000000000049e-01 3.896266769572850119e+00
3.815000000000000058e-01 3.750486651616786293e+00
3.825000000000000067e-01 3.667345768033615006e+00
3.835000000000000075e-01 3.568334260113107170e+00
3.845000000000000084e-01 3.481153006725670185e+00
3.855000000000000093e-01 3.389305622766400905e+00
3.865000000000000102e-01 3.299876737717656550e+00
3.875000000000000111e-01 3.188091825803632595e+00
3.885000000000000120e-01 3.102494346458558372e+00
3.895000000000000129e-01 2.988828175922594532e+00
3.905000000000000138e-01 2.906338575482832809e+00
3.915000000000000147e-01 2.810293570407227381e+00
3.925000000000000155e-01 2.695212102407796628e+00
3.935000000000000164e-01 2.599181086694174247e+00
3.945000000000000173e-01 2.532945156398499709e+00
3.955000000000000182e-01 2.449235434020153868e+00
3.965000000000000191e-01 2.392402284012627334e+00
3.975000000000000200e-01 2.316766983042509942e+00
3.985000000000000209e-01 2.251260833943938611e+00
3.995000000000000218e-01 2.196778722409328033e+00
4.005000000000000226e-01 2.119785950424921239e+00
4.015000000000000235e-01 2.020176895023994668e+00
4.025000000000000244e-01 1.981509461637872338e+00
4.035000000000000253e-01 1.894257636563705827e+00
4.045000000000000262e-01 1.875373125695449339e+00
4.055000000000000271e-01 1.840106674149790233e+00
4.065000000000000280e-01 1.794332421582434556e+00
4.075000000000000289e-01 1.766251955308187460e+00
4.085000000000000298e-01 1.729452590574207305e+00
4.095000000000000306e-01 1.703460793274413021e+00
4.105000000000000315e-01 1.674339559753331708e+00
4.115000000000000324e-01 1.657480306924668412e+00
4.125000000000000333e-01 1.623567425134614606e+00
4.135000000000000342e-01 1.607740883706944235e+00
4.145000000000000351e-01 1.605789940986190878e+00
4.155000000000000360e-01 1.561026058123847982e+00
4.165000000000000369e-01 1.530932791942050564e+00
4.174999999999999822e-01 1.497672270410730810e+00
4.184999999999999831e-01 1.481264019224404205e+00
4.194999999999999840e-01 1.443556229797801738e+00
4.204999999999999849e-01 1.420151863978714513e+00
4.214999999999999858e-01 1.383770134710618827e+00
4.224999999999999867e-01 1.347929531977712703e+00
4.234999999999999876e-01 1.320121517675643341e+00
4.244999999999999885e-01 1.286824830218998628e+00
4.254999999999999893e-01 1.248844397416456031e+00
4.264999999999999902e-01 1.226685287474795327e+00
4.274999999999999911e-01 1.196154290310344814e+00
4.284999999999999920e-01 1.171119712522637357e+00
4.294999999999999929e-01 1.153260039230702194e+00
4.304999999999999938e-01 1.135921899861147333e+00
4.314999999999999947e-01 1.086967333329920793e+00
4.324999999999999956e-01 1.043753055188360923e+00
4.334999999999999964e-01 1.016111275038967809e+00
4.344999999999999973e-01 9.804256680564497062e-01
4.354999999999999982e-01 9.663009067094889826e-01
4.364999999999999991e-01 9.677883690143660456e-01
4.375000000000000000e-01 9.579242869352651013e-01
4.385000000000000009e-01 9.475808566944972089e-01
4.395000000000000018e-01 9.280057385956181903e-01
4.405000000000000027e-01 9.012248774798985451e-01
4.415000000000000036e-01 8.877299395389314229e-01
4.425000000000000044e-01 8.820664415812220494e-01
4.435000000000000053e-01 8.512593689089570370e-01
4.445000000000000062e-01 8.452085467078460645e-01
4.455000000000000071e-01 8.279128032678563232e-01
4.465000000000000080e-01 8.171457721444640443e-01
4.475000000000000089e-01 8.256680783163694581e-01
4.485000000000000098e-01 8.029158794757433881e-01
4.495000000000000107e-01 7.995755726224993420e-01
4.505000000000000115e-01 7.772003716055588818e-01
4.515000000000000124e-01 7.610919919161320824e-01
4.525000000000000133e-01 7.393257907036059340e-01
4.535000000000000142e-01 7.276424160267666030e-01
4.545000000000000151e-01 7.263856177529084412e-01
4.555000000000000160e-01 7.067671617178229448e-01
4.565000000000000169e-01 6.841493245532743739e-01
4.575000000000000178e-01 6.878166916177951284e-01
4.585000000000000187e-01 7.000463269537933186e-01
4.595000000000000195e-01 7.128518905294507491e-01
4.605000000000000204e-01 7.091657827864822350e-01
4.615000000000000213e-01 7.021617811935308984e-01
4.625000000000000222e-01 7.060642727469271795e-01
4.635000000000000231e-01 7.107070370497952094e-01
4.645000000000000240e-01 7.068190133677493270e-01
4.655000000000000249e-01 7.069886965408452850e-01
4.665000000000000258e-01 7.117964414894927261e-01
4.675000000000000266e-01 7.028808813111088183e-01
4.685000000000000275e-01 7.009449300072159161e-01
4.695000000000000284e-01 6.897005379433964745e-01
4.705000000000000293e-01 6.942924770458850370e-01
4.715000000000000302e-01 6.718484457409876764e-01
4.725000000000000311e-01 6.656417514605518226e-01
4.735000000000000320e-01 6.617333751802616515e-01
4.745000000000000329e-01 6.607988614065752886e-01
4.755000000000000338e-01 6.865897110450692731e-01
4.765000000000000346e-01 6.765731327232836767e-01
4.775000000000000355e-01 6.717082781512937473e-01
4.785000000000000364e-01 6.535520153737202076e-01
4.795000000000000373e-01 6.318961696793174987e-01
4.804999999999999827e-01 6.158604990184657346e-01
4.814999999999999836e-01 5.966946040032561349e-01
4.824999999999999845e-01 5.929700128484554078e-01
4.834999999999999853e-01 5.825002767774839496e-01
4.844999999999999862e-01 5.818124861843336770e-01
4.854999999999999871e-01 5.665039489687930807e-01
4.864999999999999880e-01 5.655245660289386356e-01
4.874999999999999889e-01 5.597571133195270443e-01
4.884999999999999898e-01 5.493140912065408443e-01
4.894999999999999907e-01 5.530400634707051122e-01
4.904999999999999916e-01 5.578300791783311618e-01
4.914999999999999925e-01 5.581039216424322769e-01
4.924999999999999933e-01 5.512634163779946972e-01
4.934999999999999942e-01 5.649126764032643688e-01
4.944999999999999951e-01 5.612540726278673064e-01
4.954999999999999960e-01 5.586246805673120708e-01
4.964999999999999969e-01 5.474976602824401795e-01
4.974999999999999978e-01 5.744486305384193248e-01
4.984999999999999987e-01 5.584845167306389246e-01
4.994999999999999996e-01 5.655903038328539134e-01
5.004999999999999449e-01 5.573928510996527530e-01
5.014999999999999458e-01 5.608811111713878361e-01
5.024999999999999467e-01 5.565543431927435503e-01
5.034999999999999476e-01 5.626196201296168597e-01
5.044999999999999485e-01 5.506638403932738735e-01
5.054999999999999494e-01 5.462534571255979188e-01
5.064999999999999503e-01 5.453943995871761707e-01
5.074999999999999512e-01 5.335981398603817372e-01
5.084999999999999520e-01 5.283107840390462995e-01
5.094999999999999529e-01 5.329463932195492859e-01
5.104999999999999538e-01 5.213893825446715979e-01
5.114999999999999547e-01 5.121408999461809497e-01
5.124999999999999556e-01 5.076649440072256159e-01
5.134999999999999565e-01 4.965398809194769281e-01
5.144999999999999574e-01 4.877155827973815305e-01
5.154999999999999583e-01 4.820761304042946449e-01
5.164999999999999591e-01 4.696365795785732988e-01
5.174999999999999600e-01 4.589598103330895795e-01
5.184999999999999609e-01 4.292288920824267051e-01
5.194999999999999618e-01 3.989457646444455885e-01
5.204999999999999627e-01 3.909574017377575039e-01
5.214999999999999636e-01 3.924625032113045475e-01
5.224999999999999645e-01 3.862857448519161907e-01
5.234999999999999654e-01 3.697928519270421432e-01
5.244999999999999662e-01 3.636517584654920254e-01
5.254999999999999671e-01 3.645478488755868884e-01
5.264999999999999680e-01 3.784607431652090570e-01
5.274999999999999689e-01 3.730187500063481543e-01
5.284999999999999698e-01 3.654057992746848615e-01
5.294999999999999707e-01 3.557937021025912028e-01
5.304999999999999716e-01 3.450871995988515351e-01
5.314999999999999725e-01 3.328406006368197501e-01
5.324999999999999734e-01 3.349683140987694818e-01
5.334999999999999742e-01 3.385092045708930075e-01
5.344999999999999751e-01 3.247720526964612553e-01
5.354999999999999760e-01 3.293857067414926454e-01
5.364999999999999769e-01 3.203015536407571862e-01
5.374999999999999778e-01 3.338584726180248707e-01
5.384999999999999787e-01 3.345494270024992889e-01
5.394999999999999796e-01 3.439352136405369742e-01
5.404999999999999805e-01 3.353975088496897738e-01
5.414999999999999813e-01 3.443522805247289931e-01
5.424999999999999822e-01 3.433772829824415229e-01
5.434999999999999831e-01 3.466029952875321340e-01
5.444999999999999840e-01 3.453507944565563093e-01
5.454999999999999849e-01 3.389575415728388053e-01
5.464999999999999858e-01 3.311928527074372020e-01
5.474999999999999867e-01 3.353159389536315982e-01
5.484999999999999876e-01 3.290471679350262524e-01
5.494999999999999885e-01 3.200277393242717539e-01
5.504999999999999893e-01 3.136103770746814234e-01
5.514999999999999902e-01 3.178467574494392989e-01
5.524999999999999911e-01 3.092958889598460548e-01
5.534999999999999920e-01 2.974736058297323127e-01
5.544999999999999929e-01 2.848265620852133417e-01
5.554999999999999938e-01 2.693237796903341086e-01
5.564999999999999947e-01 2.539167832171049799e-01
5.574999999999999956e-01 2.388538391475991118e-01
5.584999999999999964e-01 2.243832139638936018e-01
5.594999999999999973e-01 2.107531741480782039e-01
5.604999999999999982e-01 1.982119861822309315e-01
5.614999999999999991e-01 1.870079165484403450e-01
5.625000000000000000e-01 1.773892317287856790e-01
5.635000000000000009e-01 1.696041982053544672e-01
5.645000000000000018e-01 1.639010824602271099e-01
5.655000000000000027e-01 1.605281509754896974e-01
5.665000000000000036e-01 1.597336702332244340e-01
5.675000000000000044e-01 1.617659067155152175e-01
5.685000000000000053e-01 1.668731269044464727e-01
5.695000000000000062e-01 1.753035972820996824e-01
5.705000000000000071e-01 1.873055843305622692e-01
5.715000000000000080e-01 2.031273545319125240e-01
5.725000000000000089e-01 2.230171743682408947e-01
5.735000000000000098e-01 2.472233103216223138e-01
5.745000000000000107e-01 2.759940288741512537e-01
5.755000000000000115e-01 0.000000000000000000e+00
5.765000000000000124e-01 0.000000000000000000e+00
5.774999999999999023e-01 0.000000000000000000e+00
5.784999999999999032e-01 0.000000000000000000e+00
5.794999999999999041e-01 0.000000000000000000e+00
5.804999999999999050e-01 0.000000000000000000e+00
5.814999999999999059e-01 0.000000000000000000e+00
5.824999999999999067e-01 0.000000000000000000e+00
5.834999999999999076e-01 0.000000000000000000e+00
5.844999999999999085e-01 0.000000000000000000e+00
5.854999999999999094e-01 0.000000000000000000e+00
5.864999999999999103e-01 0.000000000000000000e+00
5.874999999999999112e-01 0.000000000000000000e+00
5.884999999999999121e-01 0.000000000000000000e+00
5.894999999999999130e-01 0.000000000000000000e+00
5.904999999999999138e-01 0.000000000000000000e+00
5.914999999999999147e-01 0.000000000000000000e+00
5.924999999999999156e-01 0.000000000000000000e+00
5.934999999999999165e-01 0.000000000000000000e+00
5.944999999999999174e-01 0.000000000000000000e+00
5.954999999999999183e-01 0.000000000000000000e+00
5.964999999999999192e-01 0.000000000000000000e+00
5.974999999999999201e-01 0.000000000000000000e+00
5.984999999999999210e-01 0.000000000000000000e+00
5.994999999999999218e-01 0.000000000000000000e+00
6.004999999999999227e-01 0.000000000000000000e+00
6.014999999999999236e-01 0.000000000000000000e+00
6.024999999999999245e-01 0.000000000000000000e+00
6.034999999999999254e-01 0.000000000000000000e+00
6.044999999999999263e-01 0.000000000000000000e+00
6.054999999999999272e-01 0.000000000000000000e+00
6.064999999999999281e-01 0.000000000000000000e+00
6.074999999999999289e-01 0.000000000000000000e+00
6.084999999999999298e-01 0.000000000000000000e+00
6.094999999999999307e-01 0.000000000000000000e+00
6.104999999999999316e-01 0.000000000000000000e+00
6.114999999999999325e-01 0.000000000000000000e+00
6.124999999999999334e-01 0.000000000000000000e+00
6.134999999999999343e-01 0.000000000000000000e+00
6.144999999999999352e-01 0.000000000000000000e+00
6.154999999999999361e-01 0.000000000000000000e+00
6.164999999999999369e-01 0.000000000000000000e+00
6.174999999999999378e-01 0.000000000000000000e+00
6.184999999999999387e-01 0.000000000000000000e+00
6.194999999999999396e-01 0.000000000000000000e+00
6.204999999999999405e-01 0.000000000000000000e+00
6.214999999999999414e-01 0.000000000000000000e+00
6.224999999999999423e-01 0.000000000000000000e+00
6.234999999999999432e-01 0.000000000000000000e+00
6.244999999999999440e-01 0.000000000000000000e+00
6.254999999999999449e-01 0.000000000000000000e+00
6.264999999999999458e-01 0.000000000000000000e+00
6.274999999999999467e-01 0.000000000000000000e+00
6.284999999999999476e-01 0.000000000000000000e+00
6.294999999999999485e-01 0.000000000000000000e+00
6.304999999999999494e-01 0.000000000000000000e+00
6.314999999999999503e-01 0.000000000000000000e+00
6.324999999999999512e-01 0.000000000000000000e+00
6.334999999999999520e-01 0.000000000000000000e+00
6.344999999999999529e-01 0.000000000000000000e+00
6.354999999999999538e-01 0.000000000000000000e+00
6.364999999999999547e-01 0.000000000000000000e+00
6.374999999999999556e-01 0.000000000000000000e+00
6.384999999999999565e-01 0.000000000000000000e+00
6.394999999999999574e-01 0.000000000000000000e+00
6.404999999999999583e-01 0.000000000000000000e+00
6.414999999999999591e-01 0.000000000000000000e+00
6.424999999999999600e-01 0.000000000000000000e+00
6.434999999999999609e-01 0.000000000000000000e+00
6.444999999999999618e-01 0.000000000000000000e+00
6.454999999999999627e-01 0.000000000000000000e+00
6.464999999999999636e-01 0.000000000000000000e+00
6.474999999999999645e-01 0.000000000000000000e+00
6.484999999999999654e-01 0.000000000000000000e+00
6.494999999999999662e-01 0.000000000000000000e+00
6.504999999999999671e-01 0.000000000000000000e+00
6.514999999999999680e-01 0.000000000000000000e+00
6.524999999999999689e-01 0.000000000000000000e+00
6.534999999999999698e-01 0.000000000000000000e+00
6.544999999999999707e-01 0.000000000000000000e+00
6.554999999999999716e-01 0.000000000000000000e+00
6.564999999999999725e-01 0.000000000000000000e+00
6.574999999999999734e-01 0.000000000000000000e+00
6.584999999999999742e-01 0.000000000000000000e+00
6.594999999999999751e-01 0.000000000000000000e+00
6.604999999999999760e-01 0.000000000000000000e+00
6.614999999999999769e-01 0.000000000000000000e+00
6.624999999999999778e-01 0.000000000000000000e+00
6.634999999999999787e-01 0.000000000000000000e+00
6.644999999999999796e-01 0.000000000000000000e+00
6.654999999999999805e-01 0.000000000000000000e+00
6.664999999999999813e-01 0.000000000000000000e+00
6.674999999999999822e-01 0.000000000000000000e+00
6.684999999999999831e-01 0.000000000000000000e+00
6.694999999999999840e-01 0.000000000000000000e+00
6.704999999999999849e-01 0.000000000000000000e+00
6.714999999999999858e-01 0.000000000000000000e+00
6.724999999999999867e-01 0.000000000000000000e+00
6.734999999999999876e-01 0.000000000000000000e+00
6.744999999999999885e-01 0.000000000000000000e+00
6.754999999999999893e-01 0.000000000000000000e+00
6.764999999999999902e-01 0.000000000000000000e+00
6.774999999999999911e-01 0.000000000000000000e+00
6.784999999999999920e-01 0.000000000000000000e+00
6.794999999999999929e-01 0.000000000000000000e+00
6.804999999999999938e-01 0.000000000000000000e+00
6.814999999999999947e-01 0.000000000000000000e+00
6.824999999999999956e-01 0.000000000000000000e+00
6.834999999999999964e-01 0.000000000000000000e+00
6.844999999999999973e-01 0.000000000000000000e+00
6.854999999999999982e-01 0.000000000000000000e+00
6.864999999999999991e-01 0.000000000000000000e+00
6.875000000000000000e-01 0.000000000000000000e+00
6.885000000000000009e-01 0.000000000000000000e+00
6.895000000000000018e-01 0.000000000000000000e+00
6.905000000000000027e-01 0.000000000000000000e+00
6.915000000000000036e-01 0.000000000000000000e+00
6.925000000000000044e-01 0.000000000000000000e+00
6.935000000000000053e-01 0.000000000000000000e+00
6.945000000000000062e-01 0.000000000000000000e+00
6.955000000000000071e-01 0.000000000000000000e+00
6.965000000000000080e-01 0.000000000000000000e+00
6.975000000000000089e-01 0.000000000000000000e+00
6.985000000000000098e-01 0.000000000000000000e+00
6.995000000000000107e-01 0.000000000000000000e+00
7.005000000000000115e-01 0.000000000000000000e+00
7.015000000000000124e-01 0.000000000000000000e+00
7.025000000000000133e-01 0.000000000000000000e+00
7.035000000000000142e-01 0.000000000000000000e+00
7.044999999999999041e-01 0.000000000000000000e+00
7.054999999999999050e-01 0.000000000000000000e+00
7.064999999999999059e-01 0.000000000000000000e+00
7.074999999999999067e-01 0.000000000000000000e+00
7.084999999999999076e-01 0.000000000000000000e+00
7.094999999999999085e-01 0.000000000000000000e+00
7.104999999999999094e-01 0.000000000000000000e+00
7.114999999999999103e-01 0.000000000000000000e+00
7.124999999999999112e-01 0.000000000000000000e+00
7.134999999999999121e-01 0.000000000000000000e+00
7.144999999999999130e-01 0.000000000000000000e+00
7.154999999999999138e-01 0.000000000000000000e+00
7.164999999999999147e-01 0.000000000000000000e+00
7.174999999999999156e-01 0.000000000000000000e+00
7.184999999999999165e-01 0.000000000000000000e+00
7.194999999999999174e-01 0.000000000000000000e+00
7.204999999999999183e-01 0.000000000000000000e+00
7.214999999999999192e-01 0.000000000000000000e+00
7.224999999999999201e-01 0.000000000000000000e+00
7.234999999999999210e-01 0.000000000000000000e+00
7.244999999999999218e-01 0.000000000000000000e+00
7.254999999999999227e-01 0.000000000000000000e+00
7.264999999999999236e-01 0.000000000000000000e+00
7.274999999999999245e-01 0.000000000000000000e+00
7.284999999999999254e-01 0.000000000000000000e+00
7.294999999999999263e-01 0.000000000000000000e+00
7.304999999999999272e-01 0.000000000000000000e+00
7.314999999999999281e-01 0.000000000000000000e+00
7.324999999999999289e-01 0.000000000000000000e+00
7.334999999999999298e-01 0.000000000000000000e+00
7.344999999999999307e-01 0.000000000000000000e+00
7.354999999999999316e-01 0.000000000000000000e+00
7.364999999999999325e-01 0.000000000000000000e+00
7.374999999999999334e-01 0.000000000000000000e+00
7.384999999999999343e-01 0.000000000000000000e+00
7.394999999999999352e-01 0.000000000000000000e+00
7.404999999999999361e-01 0.000000000000000000e+00
7.414999999999999369e-01 0.000000000000000000e+00
7.424999999999999378e-01 0.000000000000000000e+00
7.434999999999999387e-01 0.000000000000000000e+00
7.444999999999999396e-01 0.000000000000000000e+00
7.454999999999999405e-01 0.000000000000000000e+00
7.464999999999999414e-01 0.000000000000000000e+00
7.474999999999999423e-01 0.000000000000000000e+00
7.484999999999999432e-01 0.000000000000000000e+00
7.494999999999999440e-01 0.000000000000000000e+00
7.504999999999999449e-01 0.000000000000000000e+00
7.514999999999999458e-01 0.000000000000000000e+00
7.524999999999999467e-01 0.000000000000000000e+00
7.534999999999999476e-01 0.000000000000000000e+00
7.544999999999999485e-01 0.000000000000000000e+00
7.554999999999999494e-01 0.000000000000000000e+00
7.564999999999999503e-01 0.000000000000000000e+00
7.574999999999999512e-01 0.000000000000000000e+00
7.584999999999999520e-01 0.000000000000000000e+00
7.594999999999999529e-01 0.000000000000000000e+00
7.604999999999999538e-01 0.000000000000000000e+00
7.614999999999999547e-01 0.000000000000000000e+00
7.624999999999999556e-01 0.000000000000000000e+00
7.634999999999999565e-01 0.000000000000000000e+00
7.644999999999999574e-01 0.000000000000000000e+00
7.654999999999999583e-01 0.000000000000000000e+00
7.664999999999999591e-01 0.000000000000000000e+00
7.674999999999999600e-01 0.000000000000000000e+00
7.684999999999999609e-01 0.000000000000000000e+00
7.694999999999999618e-01 0.000000000000000000e+00
7.704999999999999627e-01 0.000000000000000000e+00
7.714999999999999636e-01 0.000000000000000000e+00
7.724999999999999645e-01 0.000000000000000000e+00
7.734999999999999654e-01 0.000000000000000000e+00
7.744999999999999662e-01 0.000000000000000000e+00
7.754999999999999671e-01 0.000000000000000000e+00
7.764999999999999680e-01 0.000000000000000000e+00
7.774999999999999689e-01 0.000000000000000000e+00
7.784999999999999698e-01 0.000000000000000000e+00
7.794999999999999707e-01 0.000000000000000000e+00
7.804999999999999716e-01 0.000000000000000000e+00
7.814999999999999725e-01 0.000000000000000000e+00
7.824999999999999734e-01 0.000000000000000000e+00
7.834999999999999742e-01 0.000000000000000000e+00
7.844999999999999751e-01 0.000000000000000000e+00
7.854999999999999760e-01 0.000000000000000000e+00
7.864999999999999769e-01 0.000000000000000000e+00
7.874999999999999778e-01 0.000000000000000000e+00
7.884999999999999787e-01 0.000000000000000000e+00
7.894999999999999796e-01 0.000000000000000000e+00
7.904999999999999805e-01 0.000000000000000000e+00
7.914999999999999813e-01 0.000000000000000000e+00
7.924999999999999822e-01 0.000000000000000000e+00
7.934999999999999831e-01 0.000000000000000000e+00
7.944999999999999840e-01 0.000000000000000000e+00
7.954999999999999849e-01 0.000000000000000000e+00
7.964999999999999858e-01 0.000000000000000000e+00
7.974999999999999867e-01 0.000000000000000000e+00
7.984999999999999876e-01 0.000000000000000000e+00
7.994999999999999885e-01 0.000000000000000000e+00
8.004999999999999893e-01 0.000000000000000000e+00
8.014999999999999902e-01 0.000000000000000000e+00
8.024999999999999911e-01 0.000000000000000000e+00
8.034999999999999920e-01 0.000000000000000000e+00
8.044999999999999929e-01 0.000000000000000000e+00
8.054999999999999938e-01 0.000000000000000000e+00
8.064999999999999947e-01 0.000000000000000000e+00
8.074999999999999956e-01 0.000000000000000000e+00
8.084999999999999964e-01 0.000000000000000000e+00
8.094999999999999973e-01 0.000000000000000000e+00
8.104999999999999982e-01 0.000000000000000000e+00
8.114999999999999991e-01 0.000000000000000000e+00
8.125000000000000000e-01 0.000000000000000000e+00
8.135000000000000009e-01 0.000000000000000000e+00
8.145000000000000018e-01 0.000000000000000000e+00
8.155000000000000027e-01 0.000000000000000000e+00
8.165000000000000036e-01 0.000000000000000000e+00
8.175000000000000044e-01 0.000000000000000000e+00
8.185000000000000053e-01 0.000000000000000000e+00
8.195000000000000062e-01 0.000000000000000000e+00
8.205000000000000071e-01 0.000000000000000000e+00
8.215000000000000080e-01 0.000000000000000000e+00
8.225000000000000089e-01 0.000000000000000000e+00
8.235000000000000098e-01 0.000000000000000000e+00
8.245000000000000107e-01 0.000000000000000000e+00
8.255000000000000115e-01 0.000000000000000000e+00
8.265000000000000124e-01 0.000000000000000000e+00
8.275000000000000133e-01 0.000000000000000000e+00
8.285000000000000142e-01 0.000000000000000000e+00
8.295000000000000151e-01 0.000000000000000000e+00
8.305000000000000160e-01 0.000000000000000000e+00
8.315000000000000169e-01 0.000000000000000000e+00
8.325000000000000178e-01 0.000000000000000000e+00
8.334999999999999076e-01 0.000000000000000000e+00
8.344999999999999085e-01 0.000000000000000000e+00
8.354999999999999094e-01 0.000000000000000000e+00
8.364999999999999103e-01 0.000000000000000000e+00
8.374999999999999112e-01 0.000000000000000000e+00
8.384999999999999121e-01 0.000000000000000000e+00
8.394999999999999130e-01 0.000000000000000000e+00
8.404999999999999138e-01 0.000000000000000000e+00
8.414999999999999147e-01 0.000000000000000000e+00
8.424999999999999156e-01 0.000000000000000000e+00
8.434999999999999165e-01 0.000000000000000000e+00
8.444999999999999174e-01 0.000000000000000000e+00
8.454999999999999183e-01 0.000000000000000000e+00
8.464999999999999192e-01 0.000000000000000000e+00
8.474999999999999201e-01 0.000000000000000000e+00
8.484999999999999210e-01 0.000000000000000000e+00
8.494999999999999218e-01 0.000000000000000000e+00
8.504999999999999227e-01 0.000000000000000000e+00
8.514999999999999236e-01 0.000000000000000000e+00
8.524999999999999245e-01 0.000000000000000000e+00
8.534999999999999254e-01 0.000000000000000000e+00
8.544999999999999263e-01 0.000000000000000000e+00
8.554999999999999272e-01 0.000000000000000000e+00
8.564999999999999281e-01 0.000000000000000000e+00
8.574999999999999289e-01 0.000000000000000000e+00
8.584999999999999298e-01 0.000000000000000000e+00
8.594999999999999307e-01 0.000000000000000000e+00
8.604999999999999316e-01 0.000000000000000000e+00
8.614999999999999325e-01 0.000000000000000000e+00
8.624999999999999334e-01 0.000000000000000000e+00
8.634999999999999343e-01 0.000000000000000000e+00
8.644999999999999352e-01 0.000000000000000000e+00
8.654999999999999361e-01 0.000000000000000000e+00
8.664999999999999369e-01 0.000000000000000000e+00
8.674999999999999378e-01 0.000000000000000000e+00
8.684999999999999387e-01 0.000000000000000000e+00
8.694999999999999396e-01 0.000000000000000000e+00
8.704999999999999405e-01 0.000000000000000000e+00
8.714999999999999414e-01 0.000000000000000000e+00
8.724999999999999423e-01 0.000000000000000000e+00
8.734999999999999432e-01 0.000000000000000000e+00
8.744999999999999440e-01 0.000000000000000000e+00
8.754999999999999449e-01 0.000000000000000000e+00
8.764999999999999458e-01 0.000000000000000000e+00
8.774999999999999467e-01 0.000000000000000000e+00
8.784999999999999476e-01 0.000000000000000000e+00
8.794999999999999485e-01 0.000000000000000000e+00
8.804999999999999494e-01 0.000000000000000000e+00
8.814999999999999503e-01 0.000000000000000000e+00
8.824999999999999512e-01 0.000000000000000000e+00
8.834999999999999520e-01 0.000000000000000000e+00
8.844999999999999529e-01 0.000000000000000000e+00
8.854999999999999538e-01 0.000000000000000000e+00
8.864999999999999547e-01 0.000000000000000000e+00
8.874999999999999556e-01 0.000000000000000000e+00
8.884999999999999565e-01 0.000000000000000000e+00
8.894999999999999574e-01 0.000000000000000000e+00
8.904999999999999583e-01 0.000000000000000000e+00
8.914999999999999591e-01 0.000000000000000000e+00
8.924999999999999600e-01 0.000000000000000000e+00
8.934999999999999609e-01 0.000000000000000000e+00
8.944999999999999618e-01 0.000000000000000000e+00
8.954999999999999627e-01 0.000000000000000000e+00
8.964999999999999636e-01 0.000000000000000000e+00
8.974999999999999645e-01 0.000000000000000000e+00
8.984999999999999654e-01 0.000000000000000000e+00
8.994999999999999662e-01 0.000000000000000000e+00
9.004999999999999671e-01 0.000000000000000000e+00
9.014999999999999680e-01 0.000000000000000000e+00
9.024999999999999689e-01 0.000000000000000000e+00
9.034999999999999698e-01 0.000000000000000000e+00
9.044999999999999707e-01 0.000000000000000000e+00
9.054999999999999716e-01 0.000000000000000000e+00
9.064999999999999725e-01 0.000000000000000000e+00
9.074999999999999734e-01 0.000000000000000000e+00
9.084999999999999742e-01 0.000000000000000000e+00
9.094999999999999751e-01 0.000000000000000000e+00
9.104999999999999760e-01 0.000000000000000000e+00
9.114999999999999769e-01 0.000000000000000000e+00
9.124999999999999778e-01 0.000000000000000000e+00
9.134999999999999787e-01 0.000000000000000000e+00
9.144999999999999796e-01 0.000000000000000000e+00
9.154999999999999805e-01 0.000000000000000000e+00
9.164999999999999813e-01 0.000000000000000000e+00
9.174999999999999822e-01 0.000000000000000000e+00
9.184999999999999831e-01 0.000000000000000000e+00
9.194999999999999840e-01 0.000000000000000000e+00
9.204999999999999849e-01 0.000000000000000000e+00
9.214999999999999858e-01 0.000000000000000000e+00
9.224999999999999867e-01 0.000000000000000000e+00
9.234999999999999876e-01 0.000000000000000000e+00
9.244999999999999885e-01 0.000000000000000000e+00
9.254999999999999893e-01 0.000000000000000000e+00
9.264999999999999902e-01 0.000000000000000000e+00
9.274999999999999911e-01 0.000000000000000000e+00
9.284999999999999920e-01 0.000000000000000000e+00
9.294999999999999929e-01 0.000000000000000000e+00
9.304999999999999938e-01 0.000000000000000000e+00
9.314999999999999947e-01 0.000000000000000000e+00
9.324999999999999956e-01 0.000000000000000000e+00
9.334999999999999964e-01 0.000000000000000000e+00
9.344999999999999973e-01 0.000000000000000000e+00
9.354999999999999982e-01 0.000000000000000000e+00
9.364999999999999991e-01 0.000000000000000000e+00
9.375000000000000000e-01 0.000000000000000000e+00
9.385000000000000009e-01 0.000000000000000000e+00
9.395000000000000018e-01 0.000000000000000000e+00
9.405000000000000027e-01 0.000000000000000000e+00
9.415000000000000036e-01 0.000000000000000000e+00
9.425000000000000044e-01 0.000000000000000000e+00
9.435000000000000053e-01 0.000000000000000000e+00
9.445000000000000062e-01 0.000000000000000000e+00
9.455000000000000071e-01 0.000000000000000000e+00
9.465000000000000080e-01 0.000000000000000000e+00
9.475000000000000089e-01 0.000000000000000000e+00
9.485000000000000098e-01 0.000000000000000000e+00
9.495000000000000107e-01 0.000000000000000000e+00
9.505000000000000115e-01 0.000000000000000000e+00
9.515000000000000124e-01 0.000000000000000000e+00
9.525000000000000133e-01 0.000000000000000000e+00
9.535000000000000142e-01 0.000000000000000000e+00
9.545000000000000151e-01 0.000000000000000000e+00
9.555000000000000160e-01 0.000000000000000000e+00
9.565000000000000169e-01 0.000000000000000000e+00
9.575000000000000178e-01 0.000000000000000000e+00
9.585000000000000187e-01 0.000000000000000000e+00
9.595000000000000195e-01 0.000000000000000000e+00
9.604999999999999094e-01 0.000000000000000000e+00
9.614999999999999103e-01 0.000000000000000000e+00
9.624999999999999112e-01 0.000000000000000000e+00
9.634999999999999121e-01 0.000000000000000000e+00
9.644999999999999130e-01 0.000000000000000000e+00
9.654999999999999138e-01 0.000000000000000000e+00
9.664999999999999147e-01 0.000000000000000000e+00
9.674999999999999156e-01 0.000000000000000000e+00
9.684999999999999165e-01 0.000000000000000000e+00
9.694999999999999174e-01 0.000000000000000000e+00
9.704999999999999183e-01 0.000000000000000000e+00
9.714999999999999192e-01 0.000000000000000000e+00
9.724999999999999201e-01 0.000000000000000000e+00
9.734999999999999210e-01 0.000000000000000000e+00
9.744999999999999218e-01 0.000000000000000000e+00
9.754999999999999227e-01 0.000000000000000000e+00
9.764999999999999236e-01 0.000000000000000000e+00
9.774999999999999245e-01 0.000000000000000000e+00
9.784999999999999254e-01 0.000000000000000000e+00
9.794999999999999263e-01 0.000000000000000000e+00
9.804999999999999272e-01 0.000000000000000000e+00
9.814999999999999281e-01 0.000000000000000000e+00
9.824999999999999289e-01 0.000000000000000000e+00
9.834999999999999298e-01 0.000000000000000000e+00
9.844999999999999307e-01 0.000000000000000000e+00
9.854999999999999316e-01 0.000000000000000000e+00
9.864999999999999325e-01 0.000000000000000000e+00
9.874999999999999334e-01 0.000000000000000000e+00
9.884999999999999343e-01 0.000000000000000000e+00
9.894999999999999352e-01 0.000000000000000000e+00
9.904999999999999361e-01 0.000000000000000000e+00
9.914999999999999369e-01 0.000000000000000000e+00
9.924999999999999378e-01 0.000000000000000000e+00
9.934999999999999387e-01 0.000000000000000000e+00
9.944999999999999396e-01 0.000000000000000000e+00
9.954999999999999405e-01 0.000000000000000000e+00
9.964999999999999414e-01 0.000000000000000000e+00
9.974999999999999423e-01 0.000000000000000000e+00
9.984999999999999432e-01 0.000000000000000000e+00
9.994999999999999440e-01 0.000000000000000000e+00
