5.000000000000000104e-04 0.000000000000000000e+00
1.500000000000000031e-03 0.000000000000000000e+00
2.500000000000000052e-03 0.000000000000000000e+00
3.500000000000000073e-03 1.051772284124676340e-02
4.500000000000000527e-03 9.890609669246520907e-03
5.499999999999999681e-03 9.260031752555757459e-03
6.500000000000000569e-03 8.630703362996707331e-03
7.499999999999999722e-03 8.007338772391618675e-03
8.500000000000000611e-03 7.394652252562727499e-03
9.500000000000001499e-03 6.797358075332276747e-03
1.050000000000000065e-02 6.220170512522504164e-03
1.149999999999999981e-02 5.667803835955656164e-03
1.250000000000000069e-02 5.144972317453968755e-03
1.350000000000000158e-02 4.656390228839683149e-03
1.450000000000000074e-02 4.206771841935043159e-03
1.549999999999999989e-02 3.800831428562288696e-03
1.650000000000000078e-02 3.443283260543660539e-03
1.750000000000000167e-02 3.138841609701397296e-03
1.850000000000000255e-02 2.892220747857744082e-03
1.949999999999999997e-02 2.708134946834936906e-03
2.050000000000000086e-02 2.591298478455220447e-03
2.150000000000000175e-02 2.546425614540833316e-03
2.249999999999999917e-02 2.578230626914018025e-03
2.350000000000000006e-02 2.691427787397193596e-03
2.450000000000000094e-02 2.503058933653021061e-03
2.550000000000000183e-02 3.502403947483681210e-03
2.650000000000000272e-02 3.929838650136224104e-03
2.750000000000000014e-02 5.879386551250795345e-03
2.850000000000000103e-02 6.763664088925192691e-03
2.950000000000000192e-02 9.571760411251765618e-03
3.049999999999999933e-02 8.597163722915324505e-03
3.150000000000000022e-02 9.916214199275104682e-03
3.250000000000000111e-02 7.096095239282336313e-03
3.350000000000000200e-02 9.320088249073519432e-03
3.450000000000000289e-02 1.018979189282020678e-02
3.550000000000000377e-02 1.081087792338559367e-02
3.650000000000000466e-02 1.095783220364237968e-02
3.749999999999999861e-02 1.322955644067929509e-02
3.849999999999999950e-02 1.372159737407957492e-02
3.950000000000000039e-02 1.570349997957305385e-02
4.050000000000000128e-02 1.707033327218363677e-02
4.150000000000000216e-02 1.855631437132692838e-02
4.250000000000000305e-02 2.029936048329305034e-02
4.350000000000000394e-02 2.070823274208061920e-02
4.449999999999999789e-02 2.290774137012436054e-02
4.549999999999999878e-02 2.508318852628766901e-02
4.649999999999999967e-02 2.504907199739895424e-02
4.750000000000000056e-02 2.770645044158841219e-02
4.850000000000000144e-02 2.613287061199144612e-02
4.950000000000000233e-02 2.484707944721548448e-02
5.050000000000000322e-02 2.345259564764031954e-02
5.150000000000000411e-02 2.496943177078306264e-02
5.250000000000000500e-02 2.778162701952280669e-02
5.349999999999999895e-02 3.014489474628355772e-02
5.449999999999999983e-02 3.375088521681037651e-02
5.550000000000000072e-02 3.662542217892483798e-02
5.650000000000000161e-02 3.600628453310848742e-02
5.750000000000000250e-02 3.706469355887648948e-02
5.850000000000000339e-02 3.381968155453836389e-02
5.950000000000000427e-02 3.805811363546396375e-02
6.049999999999999822e-02 3.870507875052969088e-02
6.149999999999999911e-02 4.293561891342631553e-02
6.250000000000000000e-02 4.647159230639628241e-02
6.350000000000000089e-02 5.150372842854187422e-02
6.450000000000000178e-02 5.459166990865547964e-02
6.550000000000000266e-02 5.527832376502788553e-02
6.650000000000000355e-02 5.833920021339705775e-02
6.750000000000000444e-02 6.320541889682343428e-02
6.850000000000000533e-02 6.644877945312770151e-02
6.950000000000000622e-02 7.220879084630021927e-02
7.050000000000000711e-02 7.550213694939661435e-02
7.150000000000000799e-02 7.883074413744739495e-02
7.250000000000000888e-02 8.124868961097164721e-02
7.349999999999999589e-02 8.673601951959383771e-02
7.449999999999999678e-02 9.029383305786618796e-02
7.549999999999999767e-02 8.917627003933803476e-02
7.649999999999999856e-02 9.293936582667418345e-02
7.749999999999999944e-02 9.494248171107144696e-02
7.850000000000000033e-02 1.018590604099536001e-01
7.950000000000000122e-02 1.066749336232967887e-01
8.050000000000000211e-02 1.010894532330709750e-01
8.150000000000000300e-02 1.023500281720742949e-01
8.250000000000000389e-02 1.075536881380696613e-01
8.350000000000000477e-02 1.077309227648044765e-01
8.450000000000000566e-02 1.109239024585684380e-01
8.550000000000000655e-02 1.097641636287923911e-01
8.650000000000000744e-02 1.093609859563417636e-01
8.750000000000000833e-02 1.120321740573375219e-01
8.849999999999999534e-02 1.106800250351307191e-01
8.949999999999999623e-02 1.195711729024507286e-01
9.049999999999999711e-02 1.349861709692142253e-01
9.149999999999999800e-02 1.465616993258921918e-01
9.249999999999999889e-02 1.650070613440242362e-01
9.349999999999999978e-02 1.759980190877605266e-01
9.450000000000000067e-02 1.865413360352835004e-01
9.550000000000000155e-02 1.897179314209659073e-01
9.650000000000000244e-02 1.931151021963499193e-01
9.750000000000000333e-02 2.119019912262765093e-01
9.850000000000000422e-02 2.327639508052076478e-01
9.950000000000000511e-02 2.502595652390185443e-01
1.005000000000000060e-01 2.713759209995693089e-01
1.015000000000000069e-01 2.787662487303272929e-01
1.025000000000000078e-01 2.939584764751860257e-01
1.035000000000000087e-01 3.122333890204920803e-01
1.045000000000000095e-01 3.277030084460369475e-01
1.054999999999999966e-01 3.396949272591811564e-01
1.064999999999999974e-01 3.680992791599880243e-01
1.074999999999999983e-01 4.002373085179355416e-01
1.084999999999999992e-01 4.225358929151052934e-01
1.095000000000000001e-01 4.575740407830797274e-01
1.105000000000000010e-01 4.892321244298230010e-01
1.115000000000000019e-01 5.085633578459365367e-01
1.125000000000000028e-01 5.319547653343502658e-01
1.135000000000000037e-01 5.484559639038019130e-01
1.145000000000000046e-01 5.900850216790689551e-01
1.155000000000000054e-01 6.067733551652483293e-01
1.165000000000000063e-01 6.194086932491685848e-01
1.175000000000000072e-01 6.196311150453537309e-01
1.185000000000000081e-01 6.249135268273078303e-01
1.195000000000000090e-01 6.676618746530285087e-01
1.204999999999999960e-01 7.291677885581508978e-01
1.214999999999999969e-01 8.096036580020413709e-01
1.224999999999999978e-01 8.856306488915408615e-01
1.234999999999999987e-01 9.670784660632989471e-01
1.244999999999999996e-01 1.043079158557663089e+00
1.255000000000000004e-01 1.101797025667389018e+00
1.265000000000000013e-01 1.155560501885457558e+00
1.275000000000000022e-01 1.227489902277062006e+00
1.285000000000000031e-01 1.299035679028747836e+00
1.295000000000000040e-01 1.364859633448188614e+00
1.305000000000000049e-01 1.421940854369383445e+00
1.315000000000000058e-01 1.479494823135833803e+00
1.325000000000000067e-01 1.565658360066216170e+00
1.335000000000000075e-01 1.651315376349199004e+00
1.345000000000000084e-01 1.708733342701265867e+00
1.355000000000000093e-01 1.752789788537596927e+00
1.365000000000000102e-01 1.817845237145426340e+00
1.375000000000000111e-01 1.874486511230626151e+00
1.385000000000000120e-01 1.909917020476283644e+00
1.395000000000000129e-01 1.928556084811463123e+00
1.405000000000000138e-01 1.964068552789603572e+00
1.415000000000000147e-01 1.994987048661555740e+00
1.425000000000000155e-01 2.040080206147925512e+00
1.435000000000000164e-01 2.062673250987986151e+00
1.445000000000000173e-01 2.099985836914614268e+00
1.454999999999999905e-01 2.116514754976328128e+00
1.464999999999999913e-01 2.151099765419564491e+00
1.474999999999999922e-01 2.196972850283316792e+00
1.484999999999999931e-01 2.204554128717559625e+00
1.494999999999999940e-01 2.249105155345980211e+00
1.504999999999999949e-01 2.287245750202570260e+00
1.514999999999999958e-01 2.319085570516548955e+00
1.524999999999999967e-01 2.359358320355983363e+00
1.534999999999999976e-01 2.386315393109262661e+00
1.544999999999999984e-01 2.422912274570944824e+00
1.554999999999999993e-01 2.406767340072436756e+00
1.565000000000000002e-01 2.444888667635386259e+00
1.575000000000000011e-01 2.467570426968108244e+00
1.585000000000000020e-01 2.514280797784649746e+00
1.595000000000000029e-01 2.579537384724722493e+00
1.605000000000000038e-01 2.667787612327563007e+00
1.615000000000000047e-01 2.738303424791178386e+00
1.625000000000000056e-01 2.860873585332097235e+00
1.635000000000000064e-01 3.008951159785947294e+00
1.645000000000000073e-01 3.108642789131300432e+00
1.655000000000000082e-01 3.189998712487995380e+00
1.665000000000000091e-01 3.304921438894152352e+00
1.675000000000000100e-01 3.442193449692013019e+00
1.685000000000000109e-01 3.568943657357194432e+00
1.695000000000000118e-01 3.725573816035006036e+00
1.705000000000000127e-01 3.892701358849799398e+00
1.715000000000000135e-01 4.103724684342381579e+00
1.725000000000000144e-01 4.273233151520845929e+00
1.735000000000000153e-01 4.401666948969662485e+00
1.745000000000000162e-01 4.569198897995065956e+00
1.755000000000000171e-01 4.722269701463168268e+00
1.764999999999999902e-01 4.878899780357971672e+00
1.774999999999999911e-01 5.011832892486927094e+00
1.784999999999999920e-01 5.104380170477617717e+00
1.794999999999999929e-01 5.261616233021698008e+00
1.804999999999999938e-01 5.399002073159598680e+00
1.814999999999999947e-01 5.566753726560341065e+00
1.824999999999999956e-01 5.735665381534872154e+00
1.834999999999999964e-01 5.855958994266766027e+00
1.844999999999999973e-01 6.002836884404238127e+00
1.854999999999999982e-01 6.140085187654756638e+00
1.864999999999999991e-01 6.311566568954388501e+00
1.875000000000000000e-01 6.442022999727958776e+00
1.885000000000000009e-01 6.513454050330720335e+00
1.895000000000000018e-01 6.633443944792823288e+00
1.905000000000000027e-01 6.740070985823274796e+00
1.915000000000000036e-01 6.782878678401082162e+00
1.925000000000000044e-01 6.837806518463227512e+00
1.935000000000000053e-01 6.892731888851709066e+00
1.945000000000000062e-01 6.948570907718178979e+00
1.955000000000000071e-01 6.945622914011604365e+00
1.965000000000000080e-01 6.946890718609791016e+00
1.975000000000000089e-01 6.919146344250762581e+00
1.985000000000000098e-01 6.930334934074016573e+00
1.995000000000000107e-01 6.983786294412034579e+00
2.005000000000000115e-01 7.098347453277561669e+00
2.015000000000000124e-01 7.226310530449031155e+00
2.025000000000000133e-01 7.352946178129908361e+00
2.035000000000000142e-01 7.402440736164423996e+00
2.045000000000000151e-01 7.414653862632519576e+00
2.055000000000000160e-01 7.453638042699388677e+00
2.065000000000000169e-01 7.494791076727571166e+00
2.075000000000000178e-01 7.587435715168283856e+00
2.085000000000000187e-01 7.646770448207977466e+00
2.094999999999999918e-01 7.705179435747913530e+00
2.104999999999999927e-01 7.734037747498188509e+00
2.114999999999999936e-01 7.756085818086338790e+00
2.124999999999999944e-01 7.751863331207106356e+00
2.134999999999999953e-01 7.759838761637386284e+00
2.144999999999999962e-01 7.764388049266978342e+00
2.154999999999999971e-01 7.733812115186307956e+00
2.164999999999999980e-01 7.717996214762152363e+00
2.174999999999999989e-01 7.690548294821070385e+00
2.184999999999999998e-01 7.677103591233739088e+00
2.195000000000000007e-01 7.722916249775882314e+00
2.205000000000000016e-01 7.728168353017373704e+00
2.215000000000000024e-01 7.742463273401558155e+00
2.225000000000000033e-01 7.678933386657190496e+00
2.235000000000000042e-01 7.620957379038108215e+00
2.245000000000000051e-01 7.596448938218276048e+00
2.255000000000000060e-01 7.560582568465703091e+00
2.265000000000000069e-01 7.518801964388870829e+00
2.275000000000000078e-01 7.411859727734750436e+00
2.285000000000000087e-01 7.313981450717306210e+00
2.295000000000000095e-01 7.235424481631383742e+00
2.305000000000000104e-01 7.166799312622942786e+00
2.315000000000000113e-01 7.048126181924578404e+00
2.325000000000000122e-01 6.986770564787340376e+00
2.335000000000000131e-01 6.830648965122521510e+00
2.345000000000000140e-01 6.722693042311024492e+00
2.355000000000000149e-01 6.552186855772253793e+00
2.365000000000000158e-01 6.415020973755643396e+00
2.375000000000000167e-01 6.341640465232560864e+00
2.385000000000000175e-01 6.275388698790926867e+00
2.395000000000000184e-01 6.253338805791260668e+00
2.404999999999999916e-01 6.233310513736317837e+00
2.414999999999999925e-01 6.205940339625608537e+00
2.424999999999999933e-01 6.138550780676797380e+00
2.434999999999999942e-01 6.051936247865226548e+00
2.444999999999999951e-01 6.017675637484008355e+00
2.454999999999999960e-01 5.993083575685979270e+00
2.464999999999999969e-01 5.977288811157259296e+00
2.474999999999999978e-01 5.976080997973404862e+00
2.484999999999999987e-01 5.896284758407920101e+00
2.494999999999999996e-01 5.852522973371798720e+00
2.505000000000000004e-01 5.830942669290606339e+00
2.515000000000000013e-01 5.808949313041475548e+00
2.525000000000000022e-01 5.779557523589022416e+00
2.535000000000000031e-01 5.742850444413287292e+00
2.545000000000000040e-01 5.725811485654393351e+00
2.555000000000000049e-01 5.735914980539347674e+00
2.565000000000000058e-01 5.693013950254186994e+00
2.575000000000000067e-01 5.656984718811639112e+00
2.585000000000000075e-01 5.586385529517741588e+00
2.595000000000000084e-01 5.531417337855621064e+00
2.605000000000000093e-01 5.475383366538557617e+00
2.615000000000000102e-01 5.373587633431933241e+00
2.625000000000000111e-01 5.281541998528183512e+00
2.635000000000000120e-01 5.203989505162545548e+00
2.645000000000000129e-01 5.132747371696606109e+00
2.655000000000000138e-01 5.039038981768789505e+00
2.665000000000000147e-01 4.917827291102971898e+00
2.675000000000000155e-01 4.787928801417824509e+00
2.685000000000000164e-01 4.679925111386753933e+00
2.695000000000000173e-01 4.551117129886181445e+00
2.705000000000000182e-01 4.427617002545129132e+00
2.715000000000000191e-01 4.290318944098686416e+00
2.725000000000000200e-01 4.176305566886734155e+00
2.735000000000000209e-01 4.028370279707822021e+00
2.745000000000000218e-01 3.973444076096898314e+00
2.755000000000000226e-01 3.860752339609315520e+00
2.765000000000000235e-01 3.771753576538642960e+00
2.775000000000000244e-01 3.725016395036111483e+00
2.785000000000000253e-01 3.650648421367297836e+00
2.795000000000000262e-01 3.606132991752210692e+00
2.805000000000000271e-01 3.563955745010082055e+00
2.815000000000000280e-01 3.560227082484102024e+00
2.825000000000000289e-01 3.506950092383277706e+00
2.835000000000000298e-01 3.448773756259333467e+00
2.845000000000000306e-01 3.447341322147956966e+00
2.855000000000000315e-01 3.424313395192480236e+00
2.865000000000000324e-01 3.395527143084451360e+00
2.875000000000000333e-01 3.362921153460875168e+00
2.885000000000000342e-01 3.343064365453981779e+00
2.894999999999999796e-01 3.337680925003805310e+00
2.904999999999999805e-01 3.296312527875037368e+00
2.914999999999999813e-01 3.275536944487099866e+00
2.924999999999999822e-01 3.235005283228341799e+00
2.934999999999999831e-01 3.217796683024403137e+00
2.944999999999999840e-01 3.172004018820918869e+00
2.954999999999999849e-01 3.107609442764108110e+00
2.964999999999999858e-01 3.044857194284972923e+00
2.974999999999999867e-01 2.966766511821260721e+00
2.984999999999999876e-01 2.882785507736917108e+00
2.994999999999999885e-01 2.843900494335094287e+00
3.004999999999999893e-01 2.773190717410281891e+00
3.014999999999999902e-01 2.670148276009329802e+00
3.024999999999999911e-01 2.598753961577131566e+00
3.034999999999999920e-01 2.541938812149217242e+00
3.044999999999999929e-01 2.490846895353027612e+00
3.054999999999999938e-01 2.397214735978539402e+00
3.064999999999999947e-01 2.340159829649024470e+00
3.074999999999999956e-01 2.284510575538793997e+00
3.084999999999999964e-01 2.215477360295512455e+00
3.094999999999999973e-01 2.131110331882895892e+00
3.104999999999999982e-01 2.092437071551030758e+00
3.114999999999999991e-01 2.062003289174133336e+00
3.125000000000000000e-01 2.018137978202034777e+00
3.135000000000000009e-01 1.976782660685672433e+00
3.145000000000000018e-01 1.947181063548662827e+00
3.155000000000000027e-01 1.887439146890267816e+00
3.165000000000000036e-01 1.845778628220102302e+00
3.175000000000000044e-01 1.819500366594686724e+00
3.185000000000000053e-01 1.776242368588551557e+00
3.195000000000000062e-01 1.759703875367553572e+00
3.205000000000000071e-01 1.740986070014120424e+00
3.215000000000000080e-01 1.719205130893412425e+00
3.225000000000000089e-01 1.655461167174366643e+00
3.235000000000000098e-01 1.632440713426138945e+00
3.245000000000000107e-01 1.624544439725512435e+00
3.255000000000000115e-01 1.582104222229291368e+00
3.265000000000000124e-01 1.562023333384062296e+00
3.275000000000000133e-01 1.524002966103885637e+00
3.285000000000000142e-01 1.479942787263143211e+00
3.295000000000000151e-01 1.425922022279932699e+00
3.305000000000000160e-01 1.391347432815722929e+00
3.315000000000000169e-01 1.382255583323084513e+00
3.325000000000000178e-01 1.340707744637938514e+00
3.335000000000000187e-01 1.303554050447388590e+00
3.345000000000000195e-01 1.265798020430130011e+00
3.355000000000000204e-01 1.204284504345206841e+00
3.365000000000000213e-01 1.184202452347884460e+00
3.375000000000000222e-01 1.131754240813032109e+00
3.385000000000000231e-01 1.114186590132018928e+00
3.395000000000000240e-01 1.089751154952800061e+00
3.405000000000000249e-01 1.064954449169663642e+00
3.415000000000000258e-01 1.045959369110617709e+00
3.425000000000000266e-01 1.042034072092541841e+00
3.435000000000000275e-01 1.037582689596836305e+00
3.445000000000000284e-01 1.003763979835190723e+00
3.455000000000000293e-01 9.714254324128140938e-01
3.465000000000000302e-01 9.705199451954679146e-01
3.475000000000000311e-01 9.485005916870026255e-01
3.485000000000000320e-01 9.329291013727860626e-01
3.495000000000000329e-01 9.216705574585553062e-01
3.505000000000000338e-01 9.306115762970812444e-01
3.515000000000000346e-01 9.192384274081166762e-01
3.524999999999999800e-01 9.258837109269859589e-01
3.534999999999999809e-01 9.230864506952074500e-01
3.544999999999999818e-01 9.159771822634730221e-01
3.554999999999999827e-01 8.969093911010190823e-01
3.564999999999999836e-01 9.120254230851431165e-01
3.574999999999999845e-01 8.968008634310392635e-01
3.584999999999999853e-01 8.824765799049070214e-01
3.594999999999999862e-01 8.766444650788319803e-01
3.604999999999999871e-01 8.598761980285533069e-01
3.614999999999999880e-01 8.376371941332307891e-01
3.624999999999999889e-01 8.161720877004241537e-01
3.634999999999999898e-01 7.971309254626688379e-01
3.644999999999999907e-01 7.771538966821860406e-01
3.654999999999999916e-01 7.432834917381115902e-01
3.664999999999999925e-01 7.387660957116031213e-01
3.674999999999999933e-01 7.063861355153514543e-01
3.684999999999999942e-01 6.888637595851003770e-01
3.694999999999999951e-01 6.721463227015967989e-01
3.704999999999999960e-01 6.566860510837946308e-01
3.714999999999999969e-01 6.301895265758175046e-01
3.724999999999999978e-01 6.095322805671551381e-01
3.734999999999999987e-01 5.916773967029209658e-01
3.744999999999999996e-01 5.803474877984146074e-01
3.755000000000000004e-01 5.546335523005433421e-01
3.765000000000000013e-01 5.729001554168191568e-01
3.775000000000000022e-01 5.591155924623303353e-01
3.785000000000000031e-01 5.447319371898373674e-01
3.795000000000000040e-01 5.307412221716610867e-01
3.805000000000000049e-01 5.161611249660079670e-01
3.815000000000000058e-01 5.064499506674529083e-01
3.825000000000000067e-01 4.893201274741071360e-01
3.835000000000000075e-01 4.813670722750793551e-01
3.845000000000000084e-01 4.616634340280263427e-01
3.855000000000000093e-01 4.451610093198972162e-01
3.865000000000000102e-01 4.505363233019963332e-01
3.875000000000000111e-01 4.393367342229675954e-01
3.885000000000000120e-01 4.376324386522578158e-01
3.895000000000000129e-01 4.328225431649036503e-01
3.905000000000000138e-01 4.324657200131113988e-01
3.915000000000000147e-01 4.291765748146859627e-01
3.925000000000000155e-01 4.263729235450122723e-01
3.935000000000000164e-01 4.056458632155792721e-01
3.945000000000000173e-01 4.003930089341566356e-01
3.955000000000000182e-01 3.885625451107855843e-01
3.965000000000000191e-01 3.903077555614689609e-01
3.975000000000000200e-01 3.721443124591599649e-01
3.985000000000000209e-01 3.609887809903327693e-01
3.995000000000000218e-01 3.568222081943366319e-01
4.005000000000000226e-01 3.438344044299326274e-01
4.015000000000000235e-01 3.373947354892996575e-01
4.025000000000000244e-01 3.328096360921151131e-01
4.035000000000000253e-01 3.229647358939957691e-01
4.045000000000000262e-01 3.112281040726179171e-01
4.055000000000000271e-01 3.076947665178794145e-01
4.065000000000000280e-01 3.129226769154887511e-01
4.075000000000000289e-01 3.018935073156813753e-01
4.085000000000000298e-01 2.933001581797829993e-01
4.095000000000000306e-01 2.949455211105522223e-01
4.105000000000000315e-01 2.829151366954235636e-01
4.115000000000000324e-01 2.848751055755592287e-01
4.125000000000000333e-01 2.809883215493682029e-01
4.135000000000000342e-01 2.807604313186488065e-01
4.145000000000000351e-01 2.563357422491610027e-01
4.155000000000000360e-01 2.524605225583125834e-01
4.165000000000000369e-01 2.522714182613128298e-01
4.174999999999999822e-01 2.451365580838298086e-01
4.184999999999999831e-01 2.270919574531176655e-01
4.194999999999999840e-01 2.283803106718557130e-01
4.204999999999999849e-01 2.279250946901093533e-01
4.214999999999999858e-01 2.233368483636171131e-01
4.224999999999999867e-01 2.161379704299711269e-01
4.234999999999999876e-01 2.146588014789835852e-01
4.244999999999999885e-01 2.109422131797017985e-01
4.254999999999999893e-01 2.042715598677810607e-01
4.264999999999999902e-01 2.026740313422685513e-01
4.274999999999999911e-01 2.004762893377160515e-01
4.284999999999999920e-01 1.965016108441121345e-01
4.294999999999999929e-01 1.841386327132677470e-01
4.304999999999999938e-01 1.840679077865766955e-01
4.314999999999999947e-01 1.763634366078795090e-01
4.324999999999999956e-01 1.696790516225390455e-01
4.334999999999999964e-01 1.646832209627603072e-01
4.344999999999999973e-01 1.623212621570342407e-01
4.354999999999999982e-01 1.592396745227509514e-01
4.364999999999999991e-01 1.517159256274816792e-01
4.375000000000000000e-01 1.535331051397136048e-01
4.385000000000000009e-01 1.599514132328983262e-01
4.395000000000000018e-01 1.575264108633770976e-01
4.405000000000000027e-01 1.530175870099090840e-01
4.415000000000000036e-01 1.540597712935872776e-01
4.425000000000000044e-01 1.443013816578313790e-01
4.435000000000000053e-01 1.430309166266635623e-01
4.445000000000000062e-01 1.397768153594794727e-01
4.455000000000000071e-01 1.426657978428848839e-01
4.465000000000000080e-01 1.456160344714551025e-01
4.475000000000000089e-01 1.378380453613254342e-01
4.485000000000000098e-01 1.421266879411042239e-01
4.495000000000000107e-01 1.441040183210600956e-01
4.505000000000000115e-01 1.415202813819608774e-01
4.515000000000000124e-01 1.464785648440173893e-01
4.525000000000000133e-01 1.411149021787139191e-01
4.535000000000000142e-01 1.373139688555366222e-01
4.545000000000000151e-01 1.310074865293945345e-01
4.555000000000000160e-01 1.455253751932800155e-01
4.565000000000000169e-01 1.451649132170123868e-01
4.575000000000000178e-01 1.454701777429815435e-01
4.585000000000000187e-01 1.454973878488639294e-01
4.595000000000000195e-01 1.452048456837380097e-01
4.605000000000000204e-01 1.445508533966910758e-01
4.615000000000000213e-01 1.434937131368104191e-01
4.625000000000000222e-01 1.419917270531832754e-01
4.635000000000000231e-01 1.400031972948969639e-01
4.645000000000000240e-01 1.374864260110387204e-01
4.655000000000000249e-01 1.343997153506958364e-01
4.665000000000000258e-01 1.307013674629555755e-01
4.675000000000000266e-01 1.263496844969052568e-01
4.685000000000000275e-01 1.213029686016321440e-01
4.695000000000000284e-01 1.155195219262235007e-01
4.705000000000000293e-01 1.089576466197666460e-01
4.715000000000000302e-01 1.015756448313488020e-01
4.725000000000000311e-01 9.333181871005730157e-02
4.735000000000000320e-01 8.418447040497943623e-02
4.745000000000000329e-01 7.409190206520241406e-02
4.755000000000000338e-01 6.301241583981351257e-02
4.765000000000000346e-01 5.090431387790006479e-02
4.775000000000000355e-01 0.000000000000000000e+00
4.785000000000000364e-01 0.000000000000000000e+00
4.795000000000000373e-01 0.000000000000000000e+00
4.804999999999999827e-01 0.000000000000000000e+00
4.814999999999999836e-01 0.000000000000000000e+00
4.824999999999999845e-01 0.000000000000000000e+00
4.834999999999999853e-01 0.000000000000000000e+00
4.844999999999999862e-01 0.000000000000000000e+00
4.854999999999999871e-01 0.000000000000000000e+00
4.864999999999999880e-01 0.000000000000000000e+00
4.874999999999999889e-01 0.000000000000000000e+00
4.884999999999999898e-01 0.000000000000000000e+00
4.894999999999999907e-01 0.000000000000000000e+00
4.904999999999999916e-01 0.000000000000000000e+00
4.914999999999999925e-01 0.000000000000000000e+00
4.924999999999999933e-01 0.000000000000000000e+00
4.934999999999999942e-01 0.000000000000000000e+00
4.944999999999999951e-01 0.000000000000000000e+00
4.954999999999999960e-01 0.000000000000000000e+00
4.964999999999999969e-01 0.000000000000000000e+00
4.974999999999999978e-01 0.000000000000000000e+00
4.984999999999999987e-01 0.000000000000000000e+00
4.994999999999999996e-01 0.000000000000000000e+00
5.004999999999999449e-01 0.000000000000000000e+00
5.014999999999999458e-01 0.000000000000000000e+00
5.024999999999999467e-01 0.000000000000000000e+00
5.034999999999999476e-01 0.000000000000000000e+00
5.044999999999999485e-01 0.000000000000000000e+00
5.054999999999999494e-01 0.000000000000000000e+00
5.064999999999999503e-01 0.000000000000000000e+00
5.074999999999999512e-01 0.000000000000000000e+00
5.084999999999999520e-01 0.000000000000000000e+00
5.094999999999999529e-01 0.000000000000000000e+00
5.104999999999999538e-01 0.000000000000000000e+00
5.114999999999999547e-01 0.000000000000000000e+00
5.124999999999999556e-01 0.000000000000000000e+00
5.134999999999999565e-01 0.000000000000000000e+00
5.144999999999999574e-01 0.000000000000000000e+00
5.154999999999999583e-01 0.000000000000000000e+00
5.164999999999999591e-01 0.000000000000000000e+00
5.174999999999999600e-01 0.000000000000000000e+00
5.184999999999999609e-01 0.000000000000000000e+00
5.194999999999999618e-01 0.000000000000000000e+00
5.204999999999999627e-01 0.000000000000000000e+00
5.214999999999999636e-01 0.000000000000000000e+00
5.224999999999999645e-01 0.000000000000000000e+00
5.234999999999999654e-01 0.000000000000000000e+00
5.244999999999999662e-01 0.000000000000000000e+00
5.254999999999999671e-01 0.000000000000000000e+00
5.264999999999999680e-01 0.000000000000000000e+00
5.274999999999999689e-01 0.000000000000000000e+00
5.284999999999999698e-01 0.000000000000000000e+00
5.294999999999999707e-01 0.000000000000000000e+00
5.304999999999999716e-01 0.000000000000000000e+00
5.314999999999999725e-01 0.000000000000000000e+00
5.324999999999999734e-01 0.000000000000000000e+00
5.334999999999999742e-01 0.000000000000000000e+00
5.344999999999999751e-01 0.000000000000000000e+00
5.354999999999999760e-01 0.000000000000000000e+00
5.364999999999999769e-01 0.000000000000000000e+00
5.374999999999999778e-01 0.000000000000000000e+00
5.384999999999999787e-01 0.000000000000000000e+00
5.394999999999999796e-01 0.000000000000000000e+00
5.404999999999999805e-01 0.000000000000000000e+00
5.414999999999999813e-01 0.000000000000000000e+00
5.424999999999999822e-01 0.000000000000000000e+00
5.434999999999999831e-01 0.000000000000000000e+00
5.444999999999999840e-01 0.000000000000000000e+00
5.454999999999999849e-01 0.000000000000000000e+00
5.464999999999999858e-01 0.000000000000000000e+00
5.474999999999999867e-01 0.000000000000000000e+00
5.484999999999999876e-01 0.000000000000000000e+00
5.494999999999999885e-01 0.000000000000000000e+00
5.504999999999999893e-01 0.000000000000000000e+00
5.514999999999999902e-01 0.000000000000000000e+00
5.524999999999999911e-01 0.000000000000000000e+00
5.534999999999999920e-01 0.000000000000000000e+00
5.544999999999999929e-01 0.000000000000000000e+00
5.554999999999999938e-01 0.000000000000000000e+00
5.564999999999999947e-01 0.000000000000000000e+00
5.574999999999999956e-01 0.000000000000000000e+00
5.584999999999999964e-01 0.000000000000000000e+00
5.594999999999999973e-01 0.000000000000000000e+00
5.604999999999999982e-01 0.000000000000000000e+00
5.614999999999999991e-01 0.000000000000000000e+00
5.625000000000000000e-01 0.000000000000000000e+00
5.635000000000000009e-01 0.000000000000000000e+00
5.645000000000000018e-01 0.000000000000000000e+00
5.655000000000000027e-01 0.000000000000000000e+00
5.665000000000000036e-01 0.000000000000000000e+00
5.675000000000000044e-01 0.000000000000000000e+00
5.685000000000000053e-01 0.000000000000000000e+00
5.695000000000000062e-01 0.000000000000000000e+00
5.705000000000000071e-01 0.000000000000000000e+00
5.715000000000000080e-01 0.000000000000000000e+00
5.725000000000000089e-01 0.000000000000000000e+00
5.735000000000000098e-01 0.000000000000000000e+00
5.745000000000000107e-01 0.000000000000000000e+00
5.755000000000000115e-01 0.000000000000000000e+00
5.765000000000000124e-01 0.000000000000000000e+00
5.774999999999999023e-01 0.000000000000000000e+00
5.784999999999999032e-01 0.000000000000000000e+00
5.794999999999999041e-01 0.000000000000000000e+00
5.804999999999999050e-01 0.000000000000000000e+00
5.814999999999999059e-01 0.000000000000000000e+00
5.824999999999999067e-01 0.000000000000000000e+00
5.834999999999999076e-01 0.000000000000000000e+00
5.844999999999999085e-01 0.000000000000000000e+00
5.854999999999999094e-01 0.000000000000000000e+00
5.864999999999999103e-01 0.000000000000000000e+00
5.874999999999999112e-01 0.000000000000000000e+00
5.884999999999999121e-01 0.000000000000000000e+00
5.894999999999999130e-01 0.000000000000000000e+00
5.904999999999999138e-01 0.000000000000000000e+00
5.914999999999999147e-01 0.000000000000000000e+00
5.924999999999999156e-01 0.000000000000000000e+00
5.934999999999999165e-01 0.000000000000000000e+00
5.944999999999999174e-01 0.000000000000000000e+00
5.954999999999999183e-01 0.000000000000000000e+00
5.964999999999999192e-01 0.000000000000000000e+00
5.974999999999999201e-01 0.000000000000000000e+00
5.984999999999999210e-01 0.000000000000000000e+00
5.994999999999999218e-01 0.000000000000000000e+00
6.004999999999999227e-01 0.000000000000000000e+00
6.014999999999999236e-01 0.000000000000000000e+00
6.024999999999999245e-01 0.000000000000000000e+00
6.034999999999999254e-01 0.000000000000000000e+00
6.044999999999999263e-01 0.000000000000000000e+00
6.054999999999999272e-01 0.000000000000000000e+00
6.064999999999999281e-01 0.000000000000000000e+00
6.074999999999999289e-01 0.000000000000000000e+00
6.084999999999999298e-01 0.000000000000000000e+00
6.094999999999999307e-01 0.000000000000000000e+00
6.104999999999999316e-01 0.000000000000000000e+00
6.114999999999999325e-01 0.000000000000000000e+00
6.124999999999999334e-01 0.000000000000000000e+00
6.134999999999999343e-01 0.000000000000000000e+00
6.144999999999999352e-01 0.000000000000000000e+00
6.154999999999999361e-01 0.000000000000000000e+00
6.164999999999999369e-01 0.000000000000000000e+00
6.174999999999999378e-01 0.000000000000000000e+00
6.184999999999999387e-01 0.000000000000000000e+00
6.194999999999999396e-01 0.000000000000000000e+00
6.204999999999999405e-01 0.000000000000000000e+00
6.214999999999999414e-01 0.000000000000000000e+00
6.224999999999999423e-01 0.000000000000000000e+00
6.234999999999999432e-01 0.000000000000000000e+00
6.244999999999999440e-01 0.000000000000000000e+00
6.254999999999999449e-01 0.000000000000000000e+00
6.264999999999999458e-01 0.000000000000000000e+00
6.274999999999999467e-01 0.000000000000000000e+00
6.284999999999999476e-01 0.000000000000000000e+00
6.294999999999999485e-01 0.000000000000000000e+00
6.304999999999999494e-01 0.000000000000000000e+00
6.314999999999999503e-01 0.000000000000000000e+00
6.324999999999999512e-01 0.000000000000000000e+00
6.334999999999999520e-01 0.000000000000000000e+00
6.344999999999999529e-01 0.000000000000000000e+00
6.354999999999999538e-01 0.000000000000000000e+00
6.364999999999999547e-01 0.000000000000000000e+00
6.374999999999999556e-01 0.000000000000000000e+00
6.384999999999999565e-01 0.000000000000000000e+00
6.394999999999999574e-01 0.000000000000000000e+00
6.404999999999999583e-01 0.000000000000000000e+00
6.414999999999999591e-01 0.000000000000000000e+00
6.424999999999999600e-01 0.000000000000000000e+00
6.434999999999999609e-01 0.000000000000000000e+00
6.444999999999999618e-01 0.000000000000000000e+00
6.454999999999999627e-01 0.000000000000000000e+00
6.464999999999999636e-01 0.000000000000000000e+00
6.474999999999999645e-01 0.000000000000000000e+00
6.484999999999999654e-01 0.000000000000000000e+00
6.494999999999999662e-01 0.000000000000000000e+00
6.504999999999999671e-01 0.000000000000000000e+00
6.514999999999999680e-01 0.000000000000000000e+00
6.524999999999999689e-01 0.000000000000000000e+00
6.534999999999999698e-01 0.000000000000000000e+00
6.544999999999999707e-01 0.000000000000000000e+00
6.554999999999999716e-01 0.000000000000000000e+00
6.564999999999999725e-01 0.000000000000000000e+00
6.574999999999999734e-01 0.000000000000000000e+00
6.584999999999999742e-01 0.000000000000000000e+00
6.594999999999999751e-01 0.000000000000000000e+00
6.604999999999999760e-01 0.000000000000000000e+00
6.614999999999999769e-01 0.000000000000000000e+00
6.624999999999999778e-01 0.000000000000000000e+00
6.634999999999999787e-01 0.000000000000000000e+00
6.644999999999999796e-01 0.000000000000000000e+00
6.654999999999999805e-01 0.000000000000000000e+00
6.664999999999999813e-01 0.000000000000000000e+00
6.674999999999999822e-01 0.000000000000000000e+00
6.684999999999999831e-01 0.000000000000000000e+00
6.694999999999999840e-01 0.000000000000000000e+00
6.704999999999999849e-01 0.000000000000000000e+00
6.714999999999999858e-01 0.000000000000000000e+00
6.724999999999999867e-01 0.000000000000000000e+00
6.734999999999999876e-01 0.000000000000000000e+00
6.744999999999999885e-01 0.000000000000000000e+00
6.754999999999999893e-01 0.000000000000000000e+00
6.764999999999999902e-01 0.000000000000000000e+00
6.774999999999999911e-01 0.000000000000000000e+00
6.784999999999999920e-01 0.000000000000000000e+00
6.794999999999999929e-01 0.000000000000000000e+00
6.804999999999999938e-01 0.000000000000000000e+00
6.814999999999999947e-01 0.000000000000000000e+00
6.824999999999999956e-01 0.000000000000000000e+00
6.834999999999999964e-01 0.000000000000000000e+00
6.844999999999999973e-01 0.000000000000000000e+00
6.854999999999999982e-01 0.000000000000000000e+00
6.864999999999999991e-01 0.000000000000000000e+00
6.875000000000000000e-01 0.000000000000000000e+00
6.885000000000000009e-01 0.000000000000000000e+00
6.895000000000000018e-01 0.000000000000000000e+00
6.905000000000000027e-01 0.000000000000000000e+00
6.915000000000000036e-01 0.000000000000000000e+00
6.925000000000000044e-01 0.000000000000000000e+00
6.935000000000000053e-01 0.000000000000000000e+00
6.945000000000000062e-01 0.000000000000000000e+00
6.955000000000000071e-01 0.000000000000000000e+00
6.965000000000000080e-01 0.000000000000000000e+00
6.975000000000000089e-01 0.000000000000000000e+00
6.985000000000000098e-01 0.000000000000000000e+00
6.995000000000000107e-01 0.000000000000000000e+00
7.005000000000000115e-01 0.000000000000000000e+00
7.015000000000000124e-01 0.000000000000000000e+00
7.025000000000000133e-01 0.000000000000000000e+00
7.035000000000000142e-01 0.000000000000000000e+00
7.044999999999999041e-01 0.000000000000000000e+00
7.054999999999999050e-01 0.000000000000000000e+00
7.064999999999999059e-01 0.000000000000000000e+00
7.074999999999999067e-01 0.000000000000000000e+00
7.084999999999999076e-01 0.000000000000000000e+00
7.094999999999999085e-01 0.000000000000000000e+00
7.104999999999999094e-01 0.000000000000000000e+00
7.114999999999999103e-01 0.000000000000000000e+00
7.124999999999999112e-01 0.000000000000000000e+00
7.134999999999999121e-01 0.000000000000000000e+00
7.144999999999999130e-01 0.000000000000000000e+00
7.154999999999999138e-01 0.000000000000000000e+00
7.164999999999999147e-01 0.000000000000000000e+00
7.174999999999999156e-01 0.000000000000000000e+00
7.184999999999999165e-01 0.000000000000000000e+00
7.194999999999999174e-01 0.000000000000000000e+00
7.204999999999999183e-01 0.000000000000000000e+00
7.214999999999999192e-01 0.000000000000000000e+00
7.224999999999999201e-01 0.000000000000000000e+00
7.234999999999999210e-01 0.000000000000000000e+00
7.244999999999999218e-01 0.000000000000000000e+00
7.254999999999999227e-01 0.000000000000000000e+00
7.264999999999999236e-01 0.000000000000000000e+00
7.274999999999999245e-01 0.000000000000000000e+00
7.284999999999999254e-01 0.000000000000000000e+00
7.294999999999999263e-01 0.000000000000000000e+00
7.304999999999999272e-01 0.000000000000000000e+00
7.314999999999999281e-01 0.000000000000000000e+00
7.324999999999999289e-01 0.000000000000000000e+00
7.334999999999999298e-01 0.000000000000000000e+00
7.344999999999999307e-01 0.000000000000000000e+00
7.354999999999999316e-01 0.000000000000000000e+00
7.364999999999999325e-01 0.000000000000000000e+00
7.374999999999999334e-01 0.000000000000000000e+00
7.384999999999999343e-01 0.000000000000000000e+00
7.394999999999999352e-01 0.000000000000000000e+00
7.404999999999999361e-01 0.000000000000000000e+00
7.414999999999999369e-01 0.000000000000000000e+00
7.424999999999999378e-01 0.000000000000000000e+00
7.434999999999999387e-01 0.000000000000000000e+00
7.444999999999999396e-01 0.000000000000000000e+00
7.454999999999999405e-01 0.000000000000000000e+00
7.464999999999999414e-01 0.000000000000000000e+00
7.474999999999999423e-01 0.000000000000000000e+00
7.484999999999999432e-01 0.000000000000000000e+00
7.494999999999999440e-01 0.000000000000000000e+00
7.504999999999999449e-01 0.000000000000000000e+00
7.514999999999999458e-01 0.000000000000000000e+00
7.524999999999999467e-01 0.000000000000000000e+00
7.534999999999999476e-01 0.000000000000000000e+00
7.544999999999999485e-01 0.000000000000000000e+00
7.554999999999999494e-01 0.000000000000000000e+00
7.564999999999999503e-01 0.000000000000000000e+00
7.574999999999999512e-01 0.000000000000000000e+00
7.584999999999999520e-01 0.000000000000000000e+00
7.594999999999999529e-01 0.000000000000000000e+00
7.604999999999999538e-01 0.000000000000000000e+00
7.614999999999999547e-01 0.000000000000000000e+00
7.624999999999999556e-01 0.000000000000000000e+00
7.634999999999999565e-01 0.000000000000000000e+00
7.644999999999999574e-01 0.000000000000000000e+00
7.654999999999999583e-01 0.000000000000000000e+00
7.664999999999999591e-01 0.000000000000000000e+00
7.674999999999999600e-01 0.000000000000000000e+00
7.684999999999999609e-01 0.000000000000000000e+00
7.694999999999999618e-01 0.000000000000000000e+00
7.704999999999999627e-01 0.000000000000000000e+00
7.714999999999999636e-01 0.000000000000000000e+00
7.724999999999999645e-01 0.000000000000000000e+00
7.734999999999999654e-01 0.000000000000000000e+00
7.744999999999999662e-01 0.000000000000000000e+00
7.754999999999999671e-01 0.000000000000000000e+00
7.764999999999999680e-01 0.000000000000000000e+00
7.774999999999999689e-01 0.000000000000000000e+00
7.784999999999999698e-01 0.000000000000000000e+00
7.794999999999999707e-01 0.000000000000000000e+00
7.804999999999999716e-01 0.000000000000000000e+00
7.814999999999999725e-01 0.000000000000000000e+00
7.824999999999999734e-01 0.000000000000000000e+00
7.834999999999999742e-01 0.000000000000000000e+00
7.844999999999999751e-01 0.000000000000000000e+00
7.854999999999999760e-01 0.000000000000000000e+00
7.864999999999999769e-01 0.000000000000000000e+00
7.874999999999999778e-01 0.000000000000000000e+00
7.884999999999999787e-01 0.000000000000000000e+00
7.894999999999999796e-01 0.000000000000000000e+00
7.904999999999999805e-01 0.000000000000000000e+00
7.914999999999999813e-01 0.000000000000000000e+00
7.924999999999999822e-01 0.000000000000000000e+00
7.934999999999999831e-01 0.000000000000000000e+00
7.944999999999999840e-01 0.000000000000000000e+00
7.954999999999999849e-01 0.000000000000000000e+00
7.964999999999999858e-01 0.000000000000000000e+00
7.974999999999999867e-01 0.000000000000000000e+00
7.984999999999999876e-01 0.000000000000000000e+00
7.994999999999999885e-01 0.000000000000000000e+00
8.004999999999999893e-01 0.000000000000000000e+00
8.014999999999999902e-01 0.000000000000000000e+00
8.024999999999999911e-01 0.000000000000000000e+00
8.034999999999999920e-01 0.000000000000000000e+00
8.044999999999999929e-01 0.000000000000000000e+00
8.054999999999999938e-01 0.000000000000000000e+00
8.064999999999999947e-01 0.000000000000000000e+00
8.074999999999999956e-01 0.000000000000000000e+00
8.084999999999999964e-01 0.000000000000000000e+00
8.094999999999999973e-01 0.000000000000000000e+00
8.104999999999999982e-01 0.000000000000000000e+00
8.114999999999999991e-01 0.000000000000000000e+00
8.125000000000000000e-01 0.000000000000000000e+00
8.135000000000000009e-01 0.000000000000000000e+00
8.145000000000000018e-01 0.000000000000000000e+00
8.155000000000000027e-01 0.000000000000000000e+00
8.165000000000000036e-01 0.000000000000000000e+00
8.175000000000000044e-01 0.000000000000000000e+00
8.185000000000000053e-01 0.000000000000000000e+00
8.195000000000000062e-01 0.000000000000000000e+00
8.205000000000000071e-01 0.000000000000000000e+00
8.215000000000000080e-01 0.000000000000000000e+00
8.225000000000000089e-01 0.000000000000000000e+00
8.235000000000000098e-01 0.000000000000000000e+00
8.245000000000000107e-01 0.000000000000000000e+00
8.255000000000000115e-01 0.000000000000000000e+00
8.265000000000000124e-01 0.000000000000000000e+00
8.275000000000000133e-01 0.000000000000000000e+00
8.285000000000000142e-01 0.000000000000000000e+00
8.295000000000000151e-01 0.000000000000000000e+00
8.305000000000000160e-01 0.000000000000000000e+00
8.315000000000000169e-01 0.000000000000000000e+00
8.325000000000000178e-01 0.000000000000000000e+00
8.334999999999999076e-01 0.000000000000000000e+00
8.344999999999999085e-01 0.000000000000000000e+00
8.354999999999999094e-01 0.000000000000000000e+00
8.364999999999999103e-01 0.000000000000000000e+00
8.374999999999999112e-01 0.000000000000000000e+00
8.384999999999999121e-01 0.000000000000000000e+00
8.394999999999999130e-01 0.000000000000000000e+00
8.404999999999999138e-01 0.000000000000000000e+00
8.414999999999999147e-01 0.000000000000000000e+00
8.424999999999999156e-01 0.000000000000000000e+00
8.434999999999999165e-01 0.000000000000000000e+00
8.444999999999999174e-01 0.000000000000000000e+00
8.454999999999999183e-01 0.000000000000000000e+00
8.464999999999999192e-01 0.000000000000000000e+00
8.474999999999999201e-01 0.000000000000000000e+00
8.484999999999999210e-01 0.000000000000000000e+00
8.494999999999999218e-01 0.000000000000000000e+00
8.504999999999999227e-01 0.000000000000000000e+00
8.514999999999999236e-01 0.000000000000000000e+00
8.524999999999999245e-01 0.000000000000000000e+00
8.534999999999999254e-01 0.000000000000000000e+00
8.544999999999999263e-01 0.000000000000000000e+00
8.554999999999999272e-01 0.000000000000000000e+00
8.564999999999999281e-01 0.000000000000000000e+00
8.574999999999999289e-01 0.000000000000000000e+00
8.584999999999999298e-01 0.000000000000000000e+00
8.594999999999999307e-01 0.000000000000000000e+00
8.604999999999999316e-01 0.000000000000000000e+00
8.614999999999999325e-01 0.000000000000000000e+00
8.624999999999999334e-01 0.000000000000000000e+00
8.634999999999999343e-01 0.000000000000000000e+00
8.644999999999999352e-01 0.000000000000000000e+00
8.654999999999999361e-01 0.000000000000000000e+00
8.664999999999999369e-01 0.000000000000000000e+00
8.674999999999999378e-01 0.000000000000000000e+00
8.684999999999999387e-01 0.000000000000000000e+00
8.694999999999999396e-01 0.000000000000000000e+00
8.704999999999999405e-01 0.000000000000000000e+00
8.714999999999999414e-01 0.000000000000000000e+00
8.724999999999999423e-01 0.000000000000000000e+00
8.734999999999999432e-01 0.000000000000000000e+00
8.744999999999999440e-01 0.000000000000000000e+00
8.754999999999999449e-01 0.000000000000000000e+00
8.764999999999999458e-01 0.000000000000000000e+00
8.774999999999999467e-01 0.000000000000000000e+00
8.784999999999999476e-01 0.000000000000000000e+00
8.794999999999999485e-01 0.000000000000000000e+00
8.804999999999999494e-01 0.000000000000000000e+00
8.814999999999999503e-01 0.000000000000000000e+00
8.824999999999999512e-01 0.000000000000000000e+00
8.834999999999999520e-01 0.000000000000000000e+00
8.844999999999999529e-01 0.000000000000000000e+00
8.854999999999999538e-01 0.000000000000000000e+00
8.864999999999999547e-01 0.000000000000000000e+00
8.874999999999999556e-01 0.000000000000000000e+00
8.884999999999999565e-01 0.000000000000000000e+00
8.894999999999999574e-01 0.000000000000000000e+00
8.904999999999999583e-01 0.000000000000000000e+00
8.914999999999999591e-01 0.000000000000000000e+00
8.924999999999999600e-01 0.000000000000000000e+00
8.934999999999999609e-01 0.000000000000000000e+00
8.944999999999999618e-01 0.000000000000000000e+00
8.954999999999999627e-01 0.000000000000000000e+00
8.964999999999999636e-01 0.000000000000000000e+00
8.974999999999999645e-01 0.000000000000000000e+00
8.984999999999999654e-01 0.000000000000000000e+00
8.994999999999999662e-01 0.000000000000000000e+00
9.004999999999999671e-01 0.000000000000000000e+00
9.014999999999999680e-01 0.000000000000000000e+00
9.024999999999999689e-01 0.000000000000000000e+00
9.034999999999999698e-01 0.000000000000000000e+00
9.044999999999999707e-01 0.000000000000000000e+00
9.054999999999999716e-01 0.000000000000000000e+00
9.064999999999999725e-01 0.000000000000000000e+00
9.074999999999999734e-01 0.000000000000000000e+00
9.084999999999999742e-01 0.000000000000000000e+00
9.094999999999999751e-01 0.000000000000000000e+00
9.104999999999999760e-01 0.000000000000000000e+00
9.114999999999999769e-01 0.000000000000000000e+00
9.124999999999999778e-01 0.000000000000000000e+00
9.134999999999999787e-01 0.000000000000000000e+00
9.144999999999999796e-01 0.000000000000000000e+00
9.154999999999999805e-01 0.000000000000000000e+00
9.164999999999999813e-01 0.000000000000000000e+00
9.174999999999999822e-01 0.000000000000000000e+00
9.184999999999999831e-01 0.000000000000000000e+00
9.194999999999999840e-01 0.000000000000000000e+00
9.204999999999999849e-01 0.000000000000000000e+00
9.214999999999999858e-01 0.000000000000000000e+00
9.224999999999999867e-01 0.000000000000000000e+00
9.234999999999999876e-01 0.000000000000000000e+00
9.244999999999999885e-01 0.000000000000000000e+00
9.254999999999999893e-01 0.000000000000000000e+00
9.264999999999999902e-01 0.000000000000000000e+00
9.274999999999999911e-01 0.000000000000000000e+00
9.284999999999999920e-01 0.000000000000000000e+00
9.294999999999999929e-01 0.000000000000000000e+00
9.304999999999999938e-01 0.000000000000000000e+00
9.314999999999999947e-01 0.000000000000000000e+00
9.324999999999999956e-01 0.000000000000000000e+00
9.334999999999999964e-01 0.000000000000000000e+00
9.344999999999999973e-01 0.000000000000000000e+00
9.354999999999999982e-01 0.000000000000000000e+00
9.364999999999999991e-01 0.000000000000000000e+00
9.375000000000000000e-01 0.000000000000000000e+00
9.385000000000000009e-01 0.000000000000000000e+00
9.395000000000000018e-01 0.000000000000000000e+00
9.405000000000000027e-01 0.000000000000000000e+00
9.415000000000000036e-01 0.000000000000000000e+00
9.425000000000000044e-01 0.000000000000000000e+00
9.435000000000000053e-01 0.000000000000000000e+00
9.445000000000000062e-01 0.000000000000000000e+00
9.455000000000000071e-01 0.000000000000000000e+00
9.465000000000000080e-01 0.000000000000000000e+00
9.475000000000000089e-01 0.000000000000000000e+00
9.485000000000000098e-01 0.000000000000000000e+00
9.495000000000000107e-01 0.000000000000000000e+00
9.505000000000000115e-01 0.000000000000000000e+00
9.515000000000000124e-01 0.000000000000000000e+00
9.525000000000000133e-01 0.000000000000000000e+00
9.535000000000000142e-01 0.000000000000000000e+00
9.545000000000000151e-01 0.000000000000000000e+00
9.555000000000000160e-01 0.000000000000000000e+00
9.565000000000000169e-01 0.000000000000000000e+00
9.575000000000000178e-01 0.000000000000000000e+00
9.585000000000000187e-01 0.000000000000000000e+00
9.595000000000000195e-01 0.000000000000000000e+00
9.604999999999999094e-01 0.000000000000000000e+00
9.614999999999999103e-01 0.000000000000000000e+00
9.624999999999999112e-01 0.000000000000000000e+00
9.634999999999999121e-01 0.000000000000000000e+00
9.644999999999999130e-01 0.000000000000000000e+00
9.654999999999999138e-01 0.000000000000000000e+00
9.664999999999999147e-01 0.000000000000000000e+00
9.674999999999999156e-01 0.000000000000000000e+00
9.684999999999999165e-01 0.000000000000000000e+00
9.694999999999999174e-01 0.000000000000000000e+00
9.704999999999999183e-01 0.000000000000000000e+00
9.714999999999999192e-01 0.000000000000000000e+00
9.724999999999999201e-01 0.000000000000000000e+00
9.734999999999999210e-01 0.000000000000000000e+00
9.744999999999999218e-01 0.000000000000000000e+00
9.754999999999999227e-01 0.000000000000000000e+00
9.764999999999999236e-01 0.000000000000000000e+00
9.774999999999999245e-01 0.000000000000000000e+00
9.784999999999999254e-01 0.000000000000000000e+00
9.794999999999999263e-01 0.000000000000000000e+00
9.804999999999999272e-01 0.000000000000000000e+00
9.814999999999999281e-01 0.000000000000000000e+00
9.824999999999999289e-01 0.000000000000000000e+00
9.834999999999999298e-01 0.000000000000000000e+00
9.844999999999999307e-01 0.000000000000000000e+00
9.854999999999999316e-01 0.000000000000000000e+00
9.864999999999999325e-01 0.000000000000000000e+00
9.874999999999999334e-01 0.000000000000000000e+00
9.884999999999999343e-01 0.000000000000000000e+00
9.894999999999999352e-01 0.000000000000000000e+00
9.904999999999999361e-01 0.000000000000000000e+00
9.914999999999999369e-01 0.000000000000000000e+00
9.924999999999999378e-01 0.000000000000000000e+00
9.934999999999999387e-01 0.000000000000000000e+00
9.944999999999999396e-01 0.000000000000000000e+00
9.954999999999999405e-01 0.000000000000000000e+00
9.964999999999999414e-01 0.000000000000000000e+00
9.974999999999999423e-01 0.000000000000000000e+00
9.984999999999999432e-01 0.000000000000000000e+00
9.994999999999999440e-01 0.000000000000000000e+00
