5.000000000000000104e-04 0.000000000000000000e+00
1.500000000000000031e-03 0.000000000000000000e+00
2.500000000000000052e-03 0.000000000000000000e+00
3.500000000000000073e-03 1.635960913075323597e-01
4.500000000000000527e-03 1.434220851991586942e-01
5.499999999999999681e-03 1.249588042994329851e-01
6.500000000000000569e-03 1.081428015913453722e-01
7.499999999999999722e-03 9.291063005788563478e-02
8.500000000000000611e-03 7.919884268204374633e-02
9.500000000000001499e-03 6.694399244680962480e-02
1.050000000000000065e-02 5.608263233517318813e-02
1.149999999999999981e-02 4.655131533012442369e-02
1.250000000000000069e-02 3.828659441465320085e-02
1.350000000000000158e-02 3.122502257174947227e-02
1.450000000000000074e-02 2.530315278440319407e-02
1.549999999999999989e-02 2.045753803560423911e-02
1.650000000000000078e-02 1.662473130834257740e-02
1.750000000000000167e-02 1.374128558560811127e-02
1.850000000000000255e-02 1.174375385039080899e-02
1.949999999999999997e-02 1.056868908568056598e-02
2.050000000000000086e-02 1.015264427446729845e-02
2.150000000000000175e-02 1.043217239974098855e-02
2.249999999999999917e-02 1.134382644449158026e-02
2.350000000000000006e-02 4.795640839518118537e-03
2.450000000000000094e-02 1.069958471450410328e-02
2.550000000000000183e-02 2.789838725017234830e-02
2.650000000000000272e-02 2.815781541283865486e-02
2.750000000000000014e-02 3.110183585628934974e-02
2.850000000000000103e-02 3.107431105417357217e-02
2.950000000000000192e-02 3.450534918873296442e-02
3.049999999999999933e-02 3.483157940187987106e-02
3.150000000000000022e-02 3.777759866671164674e-02
3.250000000000000111e-02 3.778443978690101956e-02
3.350000000000000200e-02 3.810609045013274576e-02
3.450000000000000289e-02 3.030145151436422490e-02
3.550000000000000377e-02 2.386279508635717056e-02
3.650000000000000466e-02 1.030785803082804805e-02
3.749999999999999861e-02 2.356219773485051378e-02
3.849999999999999950e-02 3.419466940512776859e-02
3.950000000000000039e-02 4.398598612135026786e-02
4.050000000000000128e-02 5.287363739829001319e-02
4.150000000000000216e-02 7.372882161348466579e-02
4.250000000000000305e-02 9.381598858767813132e-02
4.350000000000000394e-02 1.091803236281768813e-01
4.449999999999999789e-02 1.242007567369012577e-01
4.549999999999999878e-02 1.361070335561123945e-01
4.649999999999999967e-02 1.575932715851043331e-01
4.750000000000000056e-02 1.717125242356021542e-01
4.850000000000000144e-02 1.896704780927030987e-01
4.950000000000000233e-02 2.025946715859525682e-01
5.050000000000000322e-02 2.056982043587824716e-01
5.150000000000000411e-02 2.068462789668037427e-01
5.250000000000000500e-02 2.138840481468496646e-01
5.349999999999999895e-02 2.170455742021869527e-01
5.449999999999999983e-02 2.311647340741209145e-01
5.550000000000000072e-02 2.429010977158228557e-01
5.650000000000000161e-02 2.538929653380493368e-01
5.750000000000000250e-02 2.541423570867848980e-01
5.850000000000000339e-02 2.668653123904314861e-01
5.950000000000000427e-02 2.880082860619403995e-01
6.049999999999999822e-02 3.000832899774995011e-01
6.149999999999999911e-02 3.274201821010465641e-01
6.250000000000000000e-02 3.408252491177878873e-01
6.350000000000000089e-02 3.593151477577908870e-01
6.450000000000000178e-02 3.590877601155035848e-01
6.550000000000000266e-02 3.636026433716242900e-01
6.650000000000000355e-02 3.656551798301206913e-01
6.750000000000000444e-02 3.771879924981782484e-01
6.850000000000000533e-02 3.918609409381033082e-01
6.950000000000000622e-02 4.313614508969538797e-01
7.050000000000000711e-02 4.561495785572977080e-01
7.150000000000000799e-02 4.908127685768021164e-01
7.250000000000000888e-02 5.172113999901513104e-01
7.349999999999999589e-02 5.516942440681910087e-01
7.449999999999999678e-02 5.830706636511207019e-01
7.549999999999999767e-02 6.239019225302978588e-01
7.649999999999999856e-02 6.472381977819426924e-01
7.749999999999999944e-02 6.801677587296044436e-01
7.850000000000000033e-02 7.208345598108307772e-01
7.950000000000000122e-02 7.493623598075613845e-01
8.050000000000000211e-02 7.695921289189598946e-01
8.150000000000000300e-02 7.902178650655193870e-01
8.250000000000000389e-02 8.045118049073107791e-01
8.350000000000000477e-02 8.274188649976272902e-01
8.450000000000000566e-02 8.540795164356053126e-01
8.550000000000000655e-02 8.768521774982239725e-01
8.650000000000000744e-02 8.742833416916162559e-01
8.750000000000000833e-02 8.513708551686537396e-01
8.849999999999999534e-02 8.535901377156012160e-01
8.949999999999999623e-02 8.838884444077637070e-01
9.049999999999999711e-02 9.352883292028976170e-01
9.149999999999999800e-02 9.608548445210036704e-01
9.249999999999999889e-02 1.012697361000038709e+00
9.349999999999999978e-02 1.060609594923137333e+00
9.450000000000000067e-02 1.118298336619199418e+00
9.550000000000000155e-02 1.186454029316359016e+00
9.650000000000000244e-02 1.263677022279352746e+00
9.750000000000000333e-02 1.325756952623430074e+00
9.850000000000000422e-02 1.353572193209070962e+00
9.950000000000000511e-02 1.410560773679096380e+00
1.005000000000000060e-01 1.461316332130192297e+00
1.015000000000000069e-01 1.528954603229733422e+00
1.025000000000000078e-01 1.588602460792706950e+00
1.035000000000000087e-01 1.656013114159120114e+00
1.045000000000000095e-01 1.688259660843818066e+00
1.054999999999999966e-01 1.771630122114149941e+00
1.064999999999999974e-01 1.856953868304209276e+00
1.074999999999999983e-01 1.947591402088663770e+00
1.084999999999999992e-01 2.006495708489057339e+00
1.095000000000000001e-01 2.084335013123157054e+00
1.105000000000000010e-01 2.156458165117933312e+00
1.115000000000000019e-01 2.265824170568339291e+00
1.125000000000000028e-01 2.362596133931869957e+00
1.135000000000000037e-01 2.475560780879220157e+00
1.145000000000000046e-01 2.623551572041507463e+00
1.155000000000000054e-01 2.747724323754439535e+00
1.165000000000000063e-01 2.844132417754779318e+00
1.175000000000000072e-01 2.893313122430500872e+00
1.185000000000000081e-01 2.965377896668401903e+00
1.195000000000000090e-01 3.049902839463269011e+00
1.204999999999999960e-01 3.178362779507436731e+00
1.214999999999999969e-01 3.368965466179055124e+00
1.224999999999999978e-01 3.619843363476088705e+00
1.234999999999999987e-01 3.903608074554129725e+00
1.244999999999999996e-01 4.169415288987830870e+00
1.255000000000000004e-01 4.442799033268898690e+00
1.265000000000000013e-01 4.746020623487164691e+00
1.275000000000000022e-01 5.015457733918202265e+00
1.285000000000000031e-01 5.256558094713560614e+00
1.295000000000000040e-01 5.418264521341921380e+00
1.305000000000000049e-01 5.601010591557356477e+00
1.315000000000000058e-01 5.783590011431820166e+00
1.325000000000000067e-01 5.966475296995761290e+00
1.335000000000000075e-01 6.162028222541314548e+00
1.345000000000000084e-01 6.314322658725400217e+00
1.355000000000000093e-01 6.422033640072246641e+00
1.365000000000000102e-01 6.561917798815441571e+00
1.375000000000000111e-01 6.712303001341961561e+00
1.385000000000000120e-01 6.843184730591210574e+00
1.395000000000000129e-01 6.962985258336843231e+00
1.405000000000000138e-01 7.008869824909966795e+00
1.415000000000000147e-01 7.028252222903551782e+00
1.425000000000000155e-01 7.031758287722745138e+00
1.435000000000000164e-01 7.058777831881755560e+00
1.445000000000000173e-01 7.037280925802400944e+00
1.454999999999999905e-01 7.079600281592981048e+00
1.464999999999999913e-01 7.093215180321054802e+00
1.474999999999999922e-01 7.144216869911081069e+00
1.484999999999999931e-01 7.209943424598721506e+00
1.494999999999999940e-01 7.251404020517181692e+00
1.504999999999999949e-01 7.280250019814603846e+00
1.514999999999999958e-01 7.294594870594491631e+00
1.524999999999999967e-01 7.331690002762909941e+00
1.534999999999999976e-01 7.331095502961089139e+00
1.544999999999999984e-01 7.369454587194938178e+00
1.554999999999999993e-01 7.395061418139135867e+00
1.565000000000000002e-01 7.509500689808161766e+00
1.575000000000000011e-01 7.585731631276312115e+00
1.585000000000000020e-01 7.746401656771819688e+00
1.595000000000000029e-01 7.858682507147386254e+00
1.605000000000000038e-01 7.950667513002790621e+00
1.615000000000000047e-01 8.091322714310415165e+00
1.625000000000000056e-01 8.199515668421245351e+00
1.635000000000000064e-01 8.284396240358459451e+00
1.645000000000000073e-01 8.371432385658316377e+00
1.655000000000000082e-01 8.428280486022478257e+00
1.665000000000000091e-01 8.476758088020615034e+00
1.675000000000000100e-01 8.491943671426515294e+00
1.685000000000000109e-01 8.598003869021287215e+00
1.695000000000000118e-01 8.696800662195208531e+00
1.705000000000000127e-01 8.792795759469456129e+00
1.715000000000000135e-01 8.911864382360034753e+00
1.725000000000000144e-01 8.965996799233231229e+00
1.735000000000000153e-01 9.022575239072363473e+00
1.745000000000000162e-01 9.113607961294160731e+00
1.755000000000000171e-01 9.207543909595964138e+00
1.764999999999999902e-01 9.200508013800551055e+00
1.774999999999999911e-01 9.165661357510796137e+00
1.784999999999999920e-01 9.133724884951138989e+00
1.794999999999999929e-01 9.111793677218308574e+00
1.804999999999999938e-01 9.152328802508097993e+00
1.814999999999999947e-01 9.124717010468435419e+00
1.824999999999999956e-01 9.115414564787787555e+00
1.834999999999999964e-01 9.133851630859966875e+00
1.844999999999999973e-01 9.085612297573979035e+00
1.854999999999999982e-01 9.074547673744000065e+00
1.864999999999999991e-01 9.024001556591827011e+00
1.875000000000000000e-01 8.952610800807169866e+00
1.885000000000000009e-01 8.882884786381801234e+00
1.895000000000000018e-01 8.797553816823718620e+00
1.905000000000000027e-01 8.692189584637084465e+00
1.915000000000000036e-01 8.572459789784019790e+00
1.925000000000000044e-01 8.411148816568575270e+00
1.935000000000000053e-01 8.255702532246665726e+00
1.945000000000000062e-01 8.101240310814141310e+00
1.955000000000000071e-01 7.919739481825594396e+00
1.965000000000000080e-01 7.746171095357938796e+00
1.975000000000000089e-01 7.567549770826170530e+00
1.985000000000000098e-01 7.431246473495978222e+00
1.995000000000000107e-01 7.371291992428270490e+00
2.005000000000000115e-01 7.267324785714884605e+00
2.015000000000000124e-01 7.137741416018207552e+00
2.025000000000000133e-01 6.990527380353192655e+00
2.035000000000000142e-01 6.847669987794599677e+00
2.045000000000000151e-01 6.745563121177822197e+00
2.055000000000000160e-01 6.606990511387897946e+00
2.065000000000000169e-01 6.511890489000243143e+00
2.075000000000000178e-01 6.370495787613347005e+00
2.085000000000000187e-01 6.280598253428101074e+00
2.094999999999999918e-01 6.197795814441945161e+00
2.104999999999999927e-01 6.073312533617853504e+00
2.114999999999999936e-01 5.961470750002692220e+00
2.124999999999999944e-01 5.834313548659331161e+00
2.134999999999999953e-01 5.699617392044781461e+00
2.144999999999999962e-01 5.513687122919744610e+00
2.154999999999999971e-01 5.416564532291949341e+00
2.164999999999999980e-01 5.345538903205804715e+00
2.174999999999999989e-01 5.216509461616096743e+00
2.184999999999999998e-01 5.089909808228133770e+00
2.195000000000000007e-01 4.904114830289476146e+00
2.205000000000000016e-01 4.807442225345651465e+00
2.215000000000000024e-01 4.694889220557415754e+00
2.225000000000000033e-01 4.579857873947162261e+00
2.235000000000000042e-01 4.462062207096107791e+00
2.245000000000000051e-01 4.341691090440161993e+00
2.255000000000000060e-01 4.240219731008240345e+00
2.265000000000000069e-01 4.122201203366599565e+00
2.275000000000000078e-01 4.009559235811194888e+00
2.285000000000000087e-01 3.877215965844517775e+00
2.295000000000000095e-01 3.776023379276902681e+00
2.305000000000000104e-01 3.653699279788220622e+00
2.315000000000000113e-01 3.551609907497435437e+00
2.325000000000000122e-01 3.391927987067851369e+00
2.335000000000000131e-01 3.275187844125039049e+00
2.345000000000000140e-01 3.104339386695408098e+00
2.355000000000000149e-01 2.998194582472677006e+00
2.365000000000000158e-01 2.873255772259813767e+00
2.375000000000000167e-01 2.800521316409708028e+00
2.385000000000000175e-01 2.706636236738815260e+00
2.395000000000000184e-01 2.582507368544378679e+00
2.404999999999999916e-01 2.468069489296092822e+00
2.414999999999999925e-01 2.396694479889491802e+00
2.424999999999999933e-01 2.336709361855512590e+00
2.434999999999999942e-01 2.223883876074002064e+00
2.444999999999999951e-01 2.158944997291770918e+00
2.454999999999999960e-01 2.104260714222388806e+00
2.464999999999999969e-01 2.070046277787543243e+00
2.474999999999999978e-01 1.998064293202302721e+00
2.484999999999999987e-01 1.946284754812462214e+00
2.494999999999999996e-01 1.892269499451961545e+00
2.505000000000000004e-01 1.846713982075912419e+00
2.515000000000000013e-01 1.821400105014054027e+00
2.525000000000000022e-01 1.816154051709157224e+00
2.535000000000000031e-01 1.803643330710521298e+00
2.545000000000000040e-01 1.782386508092123067e+00
2.555000000000000049e-01 1.745287335973974674e+00
2.565000000000000058e-01 1.731448901769623294e+00
2.575000000000000067e-01 1.723519946980506923e+00
2.585000000000000075e-01 1.721088245313649789e+00
2.595000000000000084e-01 1.688715958439070519e+00
2.605000000000000093e-01 1.669718733993671878e+00
2.615000000000000102e-01 1.656047180963338139e+00
2.625000000000000111e-01 1.644081487267313957e+00
2.635000000000000120e-01 1.615208135364831765e+00
2.645000000000000129e-01 1.596048232985435966e+00
2.655000000000000138e-01 1.563805549600118194e+00
2.665000000000000147e-01 1.515413672768389119e+00
2.675000000000000155e-01 1.470140708426487031e+00
2.685000000000000164e-01 1.416971179405458470e+00
2.695000000000000173e-01 1.365372551792987998e+00
2.705000000000000182e-01 1.319904833369749397e+00
2.715000000000000191e-01 1.295862593407340224e+00
2.725000000000000200e-01 1.231244461996227946e+00
2.735000000000000209e-01 1.179406615618985299e+00
2.745000000000000218e-01 1.123475073203376251e+00
2.755000000000000226e-01 1.079572473486378525e+00
2.765000000000000235e-01 1.039745118749166419e+00
2.775000000000000244e-01 1.015277115730238044e+00
2.785000000000000253e-01 9.915386038392000057e-01
2.795000000000000262e-01 9.828864898735926170e-01
2.805000000000000271e-01 9.615553686967444058e-01
2.815000000000000280e-01 9.298371387819683864e-01
2.825000000000000289e-01 9.175994628702837108e-01
2.835000000000000298e-01 9.194124094497656552e-01
2.845000000000000306e-01 9.053719324801136059e-01
2.855000000000000315e-01 8.872593316015280340e-01
2.865000000000000324e-01 9.006414006678418183e-01
2.875000000000000333e-01 8.959159828100176082e-01
2.885000000000000342e-01 9.004100858945078834e-01
2.894999999999999796e-01 8.848519601852823380e-01
2.904999999999999805e-01 8.764302087138491348e-01
2.914999999999999813e-01 8.686337075714813949e-01
2.924999999999999822e-01 8.533014561006184717e-01
2.934999999999999831e-01 8.387721511444984346e-01
2.944999999999999840e-01 8.113182199759085833e-01
2.954999999999999849e-01 7.664304187909600774e-01
2.964999999999999858e-01 7.526163126105120948e-01
2.974999999999999867e-01 7.378038860731835902e-01
2.984999999999999876e-01 7.175688708906675650e-01
2.994999999999999885e-01 7.068423269521754149e-01
3.004999999999999893e-01 6.938068533648920067e-01
3.014999999999999902e-01 6.884496454025762491e-01
3.024999999999999911e-01 6.955369976738632332e-01
3.034999999999999920e-01 6.744824865074777742e-01
3.044999999999999929e-01 6.599491720329391242e-01
3.054999999999999938e-01 6.622097002182717462e-01
3.064999999999999947e-01 6.312602795023274371e-01
3.074999999999999956e-01 6.234024480180646588e-01
3.084999999999999964e-01 6.013199451678284957e-01
3.094999999999999973e-01 5.889686400088419704e-01
3.104999999999999982e-01 5.724154894373322255e-01
3.114999999999999991e-01 5.575274320413807772e-01
3.125000000000000000e-01 5.552788611573783450e-01
3.135000000000000009e-01 5.600098509246440592e-01
3.145000000000000018e-01 5.683075997631404919e-01
3.155000000000000027e-01 5.605193907976994128e-01
3.165000000000000036e-01 5.456158571950701086e-01
3.175000000000000044e-01 5.367573391294371277e-01
3.185000000000000053e-01 5.138164044721139634e-01
3.195000000000000062e-01 5.031567561048841952e-01
3.205000000000000071e-01 5.024605442767695607e-01
3.215000000000000080e-01 5.026157242183246776e-01
3.225000000000000089e-01 4.868555468370633355e-01
3.235000000000000098e-01 4.743495768431036375e-01
3.245000000000000107e-01 4.782061353254684621e-01
3.255000000000000115e-01 4.733096931740621294e-01
3.265000000000000124e-01 4.589168439608411476e-01
3.275000000000000133e-01 4.469132119967040295e-01
3.285000000000000142e-01 4.451648474622347251e-01
3.295000000000000151e-01 4.422579317642936769e-01
3.305000000000000160e-01 4.208950595361763414e-01
3.315000000000000169e-01 4.034996414100612827e-01
3.325000000000000178e-01 3.789771001823516450e-01
3.335000000000000187e-01 3.714346675705648138e-01
3.345000000000000195e-01 3.786939964146319726e-01
3.355000000000000204e-01 3.802759414412090200e-01
3.365000000000000213e-01 3.788573030161569433e-01
3.375000000000000222e-01 3.818196075167594739e-01
3.385000000000000231e-01 3.713865362782853841e-01
3.395000000000000240e-01 3.580264742873266459e-01
3.405000000000000249e-01 3.559029087869732266e-01
3.415000000000000258e-01 3.462974164008554845e-01
3.425000000000000266e-01 3.435600598374266568e-01
3.435000000000000275e-01 3.244650393633602414e-01
3.445000000000000284e-01 3.028311483321475817e-01
3.455000000000000293e-01 3.108478590248581197e-01
3.465000000000000302e-01 3.046552476372347829e-01
3.475000000000000311e-01 3.074965911573319666e-01
3.485000000000000320e-01 3.129180627486209398e-01
3.495000000000000329e-01 3.095733212963893699e-01
3.505000000000000338e-01 3.020274261885929068e-01
3.515000000000000346e-01 3.005497286409056779e-01
3.524999999999999800e-01 2.880424077910700986e-01
3.534999999999999809e-01 2.711314436987868337e-01
3.544999999999999818e-01 2.588377020720273869e-01
3.554999999999999827e-01 2.450437956405151774e-01
3.564999999999999836e-01 2.351070897190259967e-01
3.574999999999999845e-01 2.292940992680421730e-01
3.584999999999999853e-01 2.218587628081677421e-01
3.594999999999999862e-01 2.144210534437445692e-01
3.604999999999999871e-01 2.070755006557414291e-01
3.614999999999999880e-01 1.997747294827434406e-01
3.624999999999999889e-01 1.953421274527060991e-01
3.634999999999999898e-01 1.873753776455449049e-01
3.644999999999999907e-01 1.818690760154578756e-01
3.654999999999999916e-01 1.852025882925431022e-01
3.664999999999999925e-01 1.720760135777809341e-01
3.674999999999999933e-01 1.723562894548686664e-01
3.684999999999999942e-01 1.637425509299877679e-01
3.694999999999999951e-01 1.635739010254101677e-01
3.704999999999999960e-01 1.614918387167446068e-01
3.714999999999999969e-01 1.658328245127009548e-01
3.724999999999999978e-01 1.642153111536450438e-01
3.734999999999999987e-01 1.611883756209553931e-01
3.744999999999999996e-01 1.563113368072793219e-01
3.755000000000000004e-01 1.560710150909596916e-01
3.765000000000000013e-01 1.520119989375569025e-01
3.775000000000000022e-01 1.587435135003706921e-01
3.785000000000000031e-01 1.616746006120186041e-01
3.795000000000000040e-01 1.571874507242306540e-01
3.805000000000000049e-01 1.556296392577032062e-01
3.815000000000000058e-01 1.454254579320355123e-01
3.825000000000000067e-01 1.527719674525837013e-01
3.835000000000000075e-01 1.558122846230893255e-01
3.845000000000000084e-01 1.527070662493183462e-01
3.855000000000000093e-01 1.538556336970626215e-01
3.865000000000000102e-01 1.514885437643617716e-01
3.875000000000000111e-01 1.481219525892114586e-01
3.885000000000000120e-01 1.344673639337434223e-01
3.895000000000000129e-01 1.352593892981899248e-01
3.905000000000000138e-01 1.293737806941055724e-01
3.915000000000000147e-01 1.292297401180493577e-01
3.925000000000000155e-01 1.306292320164172960e-01
3.935000000000000164e-01 1.250555575621325466e-01
3.945000000000000173e-01 1.217833615246045886e-01
3.955000000000000182e-01 1.148213686799745836e-01
3.965000000000000191e-01 1.122520556204335829e-01
3.975000000000000200e-01 1.098798925558538558e-01
3.985000000000000209e-01 1.042242478692361057e-01
3.995000000000000218e-01 1.006396582424695929e-01
4.005000000000000226e-01 9.715813018922006550e-02
4.015000000000000235e-01 9.380716545259285000e-02
4.025000000000000244e-01 9.060075161102119912e-02
4.035000000000000253e-01 8.755287624293549287e-02
4.045000000000000262e-01 8.467752692676615289e-02
4.055000000000000271e-01 8.198869124094353145e-02
4.065000000000000280e-01 7.950035676389809181e-02
4.075000000000000289e-01 7.722651107406018622e-02
4.085000000000000298e-01 7.518114174986019471e-02
4.095000000000000306e-01 7.337823636972851116e-02
4.105000000000000315e-01 7.183178251209559884e-02
4.115000000000000324e-01 7.055576775539175449e-02
4.125000000000000333e-01 6.956417967804742752e-02
4.135000000000000342e-01 6.887100585849303958e-02
4.145000000000000351e-01 6.849023387515890127e-02
4.155000000000000360e-01 6.843585130647548975e-02
4.165000000000000369e-01 6.872184573087315729e-02
4.174999999999999822e-01 6.936220472678227000e-02
4.184999999999999831e-01 7.037091587263330505e-02
4.194999999999999840e-01 0.000000000000000000e+00
4.204999999999999849e-01 0.000000000000000000e+00
4.214999999999999858e-01 0.000000000000000000e+00
4.224999999999999867e-01 0.000000000000000000e+00
4.234999999999999876e-01 0.000000000000000000e+00
4.244999999999999885e-01 0.000000000000000000e+00
4.254999999999999893e-01 0.000000000000000000e+00
4.264999999999999902e-01 0.000000000000000000e+00
4.274999999999999911e-01 0.000000000000000000e+00
4.284999999999999920e-01 0.000000000000000000e+00
4.294999999999999929e-01 0.000000000000000000e+00
4.304999999999999938e-01 0.000000000000000000e+00
4.314999999999999947e-01 0.000000000000000000e+00
4.324999999999999956e-01 0.000000000000000000e+00
4.334999999999999964e-01 0.000000000000000000e+00
4.344999999999999973e-01 0.000000000000000000e+00
4.354999999999999982e-01 0.000000000000000000e+00
4.364999999999999991e-01 0.000000000000000000e+00
4.375000000000000000e-01 0.000000000000000000e+00
4.385000000000000009e-01 0.000000000000000000e+00
4.395000000000000018e-01 0.000000000000000000e+00
4.405000000000000027e-01 0.000000000000000000e+00
4.415000000000000036e-01 0.000000000000000000e+00
4.425000000000000044e-01 0.000000000000000000e+00
4.435000000000000053e-01 0.000000000000000000e+00
4.445000000000000062e-01 0.000000000000000000e+00
4.455000000000000071e-01 0.000000000000000000e+00
4.465000000000000080e-01 0.000000000000000000e+00
4.475000000000000089e-01 0.000000000000000000e+00
4.485000000000000098e-01 0.000000000000000000e+00
4.495000000000000107e-01 0.000000000000000000e+00
4.505000000000000115e-01 0.000000000000000000e+00
4.515000000000000124e-01 0.000000000000000000e+00
4.525000000000000133e-01 0.000000000000000000e+00
4.535000000000000142e-01 0.000000000000000000e+00
4.545000000000000151e-01 0.000000000000000000e+00
4.555000000000000160e-01 0.000000000000000000e+00
4.565000000000000169e-01 0.000000000000000000e+00
4.575000000000000178e-01 0.000000000000000000e+00
4.585000000000000187e-01 0.000000000000000000e+00
4.595000000000000195e-01 0.000000000000000000e+00
4.605000000000000204e-01 0.000000000000000000e+00
4.615000000000000213e-01 0.000000000000000000e+00
4.625000000000000222e-01 0.000000000000000000e+00
4.635000000000000231e-01 0.000000000000000000e+00
4.645000000000000240e-01 0.000000000000000000e+00
4.655000000000000249e-01 0.000000000000000000e+00
4.665000000000000258e-01 0.000000000000000000e+00
4.675000000000000266e-01 0.000000000000000000e+00
4.685000000000000275e-01 0.000000000000000000e+00
4.695000000000000284e-01 0.000000000000000000e+00
4.705000000000000293e-01 0.000000000000000000e+00
4.715000000000000302e-01 0.000000000000000000e+00
4.725000000000000311e-01 0.000000000000000000e+00
4.735000000000000320e-01 0.000000000000000000e+00
4.745000000000000329e-01 0.000000000000000000e+00
4.755000000000000338e-01 0.000000000000000000e+00
4.765000000000000346e-01 0.000000000000000000e+00
4.775000000000000355e-01 0.000000000000000000e+00
4.785000000000000364e-01 0.000000000000000000e+00
4.795000000000000373e-01 0.000000000000000000e+00
4.804999999999999827e-01 0.000000000000000000e+00
4.814999999999999836e-01 0.000000000000000000e+00
4.824999999999999845e-01 0.000000000000000000e+00
4.834999999999999853e-01 0.000000000000000000e+00
4.844999999999999862e-01 0.000000000000000000e+00
4.854999999999999871e-01 0.000000000000000000e+00
4.864999999999999880e-01 0.000000000000000000e+00
4.874999999999999889e-01 0.000000000000000000e+00
4.884999999999999898e-01 0.000000000000000000e+00
4.894999999999999907e-01 0.000000000000000000e+00
4.904999999999999916e-01 0.000000000000000000e+00
4.914999999999999925e-01 0.000000000000000000e+00
4.924999999999999933e-01 0.000000000000000000e+00
4.934999999999999942e-01 0.000000000000000000e+00
4.944999999999999951e-01 0.000000000000000000e+00
4.954999999999999960e-01 0.000000000000000000e+00
4.964999999999999969e-01 0.000000000000000000e+00
4.974999999999999978e-01 0.000000000000000000e+00
4.984999999999999987e-01 0.000000000000000000e+00
4.994999999999999996e-01 0.000000000000000000e+00
5.004999999999999449e-01 0.000000000000000000e+00
5.014999999999999458e-01 0.000000000000000000e+00
5.024999999999999467e-01 0.000000000000000000e+00
5.034999999999999476e-01 0.000000000000000000e+00
5.044999999999999485e-01 0.000000000000000000e+00
5.054999999999999494e-01 0.000000000000000000e+00
5.064999999999999503e-01 0.000000000000000000e+00
5.074999999999999512e-01 0.000000000000000000e+00
5.084999999999999520e-01 0.000000000000000000e+00
5.094999999999999529e-01 0.000000000000000000e+00
5.104999999999999538e-01 0.000000000000000000e+00
5.114999999999999547e-01 0.000000000000000000e+00
5.124999999999999556e-01 0.000000000000000000e+00
5.134999999999999565e-01 0.000000000000000000e+00
5.144999999999999574e-01 0.000000000000000000e+00
5.154999999999999583e-01 0.000000000000000000e+00
5.164999999999999591e-01 0.000000000000000000e+00
5.174999999999999600e-01 0.000000000000000000e+00
5.184999999999999609e-01 0.000000000000000000e+00
5.194999999999999618e-01 0.000000000000000000e+00
5.204999999999999627e-01 0.000000000000000000e+00
5.214999999999999636e-01 0.000000000000000000e+00
5.224999999999999645e-01 0.000000000000000000e+00
5.234999999999999654e-01 0.000000000000000000e+00
5.244999999999999662e-01 0.000000000000000000e+00
5.254999999999999671e-01 0.000000000000000000e+00
5.264999999999999680e-01 0.000000000000000000e+00
5.274999999999999689e-01 0.000000000000000000e+00
5.284999999999999698e-01 0.000000000000000000e+00
5.294999999999999707e-01 0.000000000000000000e+00
5.304999999999999716e-01 0.000000000000000000e+00
5.314999999999999725e-01 0.000000000000000000e+00
5.324999999999999734e-01 0.000000000000000000e+00
5.334999999999999742e-01 0.000000000000000000e+00
5.344999999999999751e-01 0.000000000000000000e+00
5.354999999999999760e-01 0.000000000000000000e+00
5.364999999999999769e-01 0.000000000000000000e+00
5.374999999999999778e-01 0.000000000000000000e+00
5.384999999999999787e-01 0.000000000000000000e+00
5.394999999999999796e-01 0.000000000000000000e+00
5.404999999999999805e-01 0.000000000000000000e+00
5.414999999999999813e-01 0.000000000000000000e+00
5.424999999999999822e-01 0.000000000000000000e+00
5.434999999999999831e-01 0.000000000000000000e+00
5.444999999999999840e-01 0.000000000000000000e+00
5.454999999999999849e-01 0.000000000000000000e+00
5.464999999999999858e-01 0.000000000000000000e+00
5.474999999999999867e-01 0.000000000000000000e+00
5.484999999999999876e-01 0.000000000000000000e+00
5.494999999999999885e-01 0.000000000000000000e+00
5.504999999999999893e-01 0.000000000000000000e+00
5.514999999999999902e-01 0.000000000000000000e+00
5.524999999999999911e-01 0.000000000000000000e+00
5.534999999999999920e-01 0.000000000000000000e+00
5.544999999999999929e-01 0.000000000000000000e+00
5.554999999999999938e-01 0.000000000000000000e+00
5.564999999999999947e-01 0.000000000000000000e+00
5.574999999999999956e-01 0.000000000000000000e+00
5.584999999999999964e-01 0.000000000000000000e+00
5.594999999999999973e-01 0.000000000000000000e+00
5.604999999999999982e-01 0.000000000000000000e+00
5.614999999999999991e-01 0.000000000000000000e+00
5.625000000000000000e-01 0.000000000000000000e+00
5.635000000000000009e-01 0.000000000000000000e+00
5.645000000000000018e-01 0.000000000000000000e+00
5.655000000000000027e-01 0.000000000000000000e+00
5.665000000000000036e-01 0.000000000000000000e+00
5.675000000000000044e-01 0.000000000000000000e+00
5.685000000000000053e-01 0.000000000000000000e+00
5.695000000000000062e-01 0.000000000000000000e+00
5.705000000000000071e-01 0.000000000000000000e+00
5.715000000000000080e-01 0.000000000000000000e+00
5.725000000000000089e-01 0.000000000000000000e+00
5.735000000000000098e-01 0.000000000000000000e+00
5.745000000000000107e-01 0.000000000000000000e+00
5.755000000000000115e-01 0.000000000000000000e+00
5.765000000000000124e-01 0.000000000000000000e+00
5.774999999999999023e-01 0.000000000000000000e+00
5.784999999999999032e-01 0.000000000000000000e+00
5.794999999999999041e-01 0.000000000000000000e+00
5.804999999999999050e-01 0.000000000000000000e+00
5.814999999999999059e-01 0.000000000000000000e+00
5.824999999999999067e-01 0.000000000000000000e+00
5.834999999999999076e-01 0.000000000000000000e+00
5.844999999999999085e-01 0.000000000000000000e+00
5.854999999999999094e-01 0.000000000000000000e+00
5.864999999999999103e-01 0.000000000000000000e+00
5.874999999999999112e-01 0.000000000000000000e+00
5.884999999999999121e-01 0.000000000000000000e+00
5.894999999999999130e-01 0.000000000000000000e+00
5.904999999999999138e-01 0.000000000000000000e+00
5.914999999999999147e-01 0.000000000000000000e+00
5.924999999999999156e-01 0.000000000000000000e+00
5.934999999999999165e-01 0.000000000000000000e+00
5.944999999999999174e-01 0.000000000000000000e+00
5.954999999999999183e-01 0.000000000000000000e+00
5.964999999999999192e-01 0.000000000000000000e+00
5.974999999999999201e-01 0.000000000000000000e+00
5.984999999999999210e-01 0.000000000000000000e+00
5.994999999999999218e-01 0.000000000000000000e+00
6.004999999999999227e-01 0.000000000000000000e+00
6.014999999999999236e-01 0.000000000000000000e+00
6.024999999999999245e-01 0.000000000000000000e+00
6.034999999999999254e-01 0.000000000000000000e+00
6.044999999999999263e-01 0.000000000000000000e+00
6.054999999999999272e-01 0.000000000000000000e+00
6.064999999999999281e-01 0.000000000000000000e+00
6.074999999999999289e-01 0.000000000000000000e+00
6.084999999999999298e-01 0.000000000000000000e+00
6.094999999999999307e-01 0.000000000000000000e+00
6.104999999999999316e-01 0.000000000000000000e+00
6.114999999999999325e-01 0.000000000000000000e+00
6.124999999999999334e-01 0.000000000000000000e+00
6.134999999999999343e-01 0.000000000000000000e+00
6.144999999999999352e-01 0.000000000000000000e+00
6.154999999999999361e-01 0.000000000000000000e+00
6.164999999999999369e-01 0.000000000000000000e+00
6.174999999999999378e-01 0.000000000000000000e+00
6.184999999999999387e-01 0.000000000000000000e+00
6.194999999999999396e-01 0.000000000000000000e+00
6.204999999999999405e-01 0.000000000000000000e+00
6.214999999999999414e-01 0.000000000000000000e+00
6.224999999999999423e-01 0.000000000000000000e+00
6.234999999999999432e-01 0.000000000000000000e+00
6.244999999999999440e-01 0.000000000000000000e+00
6.254999999999999449e-01 0.000000000000000000e+00
6.264999999999999458e-01 0.000000000000000000e+00
6.274999999999999467e-01 0.000000000000000000e+00
6.284999999999999476e-01 0.000000000000000000e+00
6.294999999999999485e-01 0.000000000000000000e+00
6.304999999999999494e-01 0.000000000000000000e+00
6.314999999999999503e-01 0.000000000000000000e+00
6.324999999999999512e-01 0.000000000000000000e+00
6.334999999999999520e-01 0.000000000000000000e+00
6.344999999999999529e-01 0.000000000000000000e+00
6.354999999999999538e-01 0.000000000000000000e+00
6.364999999999999547e-01 0.000000000000000000e+00
6.374999999999999556e-01 0.000000000000000000e+00
6.384999999999999565e-01 0.000000000000000000e+00
6.394999999999999574e-01 0.000000000000000000e+00
6.404999999999999583e-01 0.000000000000000000e+00
6.414999999999999591e-01 0.000000000000000000e+00
6.424999999999999600e-01 0.000000000000000000e+00
6.434999999999999609e-01 0.000000000000000000e+00
6.444999999999999618e-01 0.000000000000000000e+00
6.454999999999999627e-01 0.000000000000000000e+00
6.464999999999999636e-01 0.000000000000000000e+00
6.474999999999999645e-01 0.000000000000000000e+00
6.484999999999999654e-01 0.000000000000000000e+00
6.494999999999999662e-01 0.000000000000000000e+00
6.504999999999999671e-01 0.000000000000000000e+00
6.514999999999999680e-01 0.000000000000000000e+00
6.524999999999999689e-01 0.000000000000000000e+00
6.534999999999999698e-01 0.000000000000000000e+00
6.544999999999999707e-01 0.000000000000000000e+00
6.554999999999999716e-01 0.000000000000000000e+00
6.564999999999999725e-01 0.000000000000000000e+00
6.574999999999999734e-01 0.000000000000000000e+00
6.584999999999999742e-01 0.000000000000000000e+00
6.594999999999999751e-01 0.000000000000000000e+00
6.604999999999999760e-01 0.000000000000000000e+00
6.614999999999999769e-01 0.000000000000000000e+00
6.624999999999999778e-01 0.000000000000000000e+00
6.634999999999999787e-01 0.000000000000000000e+00
6.644999999999999796e-01 0.000000000000000000e+00
6.654999999999999805e-01 0.000000000000000000e+00
6.664999999999999813e-01 0.000000000000000000e+00
6.674999999999999822e-01 0.000000000000000000e+00
6.684999999999999831e-01 0.000000000000000000e+00
6.694999999999999840e-01 0.000000000000000000e+00
6.704999999999999849e-01 0.000000000000000000e+00
6.714999999999999858e-01 0.000000000000000000e+00
6.724999999999999867e-01 0.000000000000000000e+00
6.734999999999999876e-01 0.000000000000000000e+00
6.744999999999999885e-01 0.000000000000000000e+00
6.754999999999999893e-01 0.000000000000000000e+00
6.764999999999999902e-01 0.000000000000000000e+00
6.774999999999999911e-01 0.000000000000000000e+00
6.784999999999999920e-01 0.000000000000000000e+00
6.794999999999999929e-01 0.000000000000000000e+00
6.804999999999999938e-01 0.000000000000000000e+00
6.814999999999999947e-01 0.000000000000000000e+00
6.824999999999999956e-01 0.000000000000000000e+00
6.834999999999999964e-01 0.000000000000000000e+00
6.844999999999999973e-01 0.000000000000000000e+00
6.854999999999999982e-01 0.000000000000000000e+00
6.864999999999999991e-01 0.000000000000000000e+00
6.875000000000000000e-01 0.000000000000000000e+00
6.885000000000000009e-01 0.000000000000000000e+00
6.895000000000000018e-01 0.000000000000000000e+00
6.905000000000000027e-01 0.000000000000000000e+00
6.915000000000000036e-01 0.000000000000000000e+00
6.925000000000000044e-01 0.000000000000000000e+00
6.935000000000000053e-01 0.000000000000000000e+00
6.945000000000000062e-01 0.000000000000000000e+00
6.955000000000000071e-01 0.000000000000000000e+00
6.965000000000000080e-01 0.000000000000000000e+00
6.975000000000000089e-01 0.000000000000000000e+00
6.985000000000000098e-01 0.000000000000000000e+00
6.995000000000000107e-01 0.000000000000000000e+00
7.005000000000000115e-01 0.000000000000000000e+00
7.015000000000000124e-01 0.000000000000000000e+00
7.025000000000000133e-01 0.000000000000000000e+00
7.035000000000000142e-01 0.000000000000000000e+00
7.044999999999999041e-01 0.000000000000000000e+00
7.054999999999999050e-01 0.000000000000000000e+00
7.064999999999999059e-01 0.000000000000000000e+00
7.074999999999999067e-01 0.000000000000000000e+00
7.084999999999999076e-01 0.000000000000000000e+00
7.094999999999999085e-01 0.000000000000000000e+00
7.104999999999999094e-01 0.000000000000000000e+00
7.114999999999999103e-01 0.000000000000000000e+00
7.124999999999999112e-01 0.000000000000000000e+00
7.134999999999999121e-01 0.000000000000000000e+00
7.144999999999999130e-01 0.000000000000000000e+00
7.154999999999999138e-01 0.000000000000000000e+00
7.164999999999999147e-01 0.000000000000000000e+00
7.174999999999999156e-01 0.000000000000000000e+00
7.184999999999999165e-01 0.000000000000000000e+00
7.194999999999999174e-01 0.000000000000000000e+00
7.204999999999999183e-01 0.000000000000000000e+00
7.214999999999999192e-01 0.000000000000000000e+00
7.224999999999999201e-01 0.000000000000000000e+00
7.234999999999999210e-01 0.000000000000000000e+00
7.244999999999999218e-01 0.000000000000000000e+00
7.254999999999999227e-01 0.000000000000000000e+00
7.264999999999999236e-01 0.000000000000000000e+00
7.274999999999999245e-01 0.000000000000000000e+00
7.284999999999999254e-01 0.000000000000000000e+00
7.294999999999999263e-01 0.000000000000000000e+00
7.304999999999999272e-01 0.000000000000000000e+00
7.314999999999999281e-01 0.000000000000000000e+00
7.324999999999999289e-01 0.000000000000000000e+00
7.334999999999999298e-01 0.000000000000000000e+00
7.344999999999999307e-01 0.000000000000000000e+00
7.354999999999999316e-01 0.000000000000000000e+00
7.364999999999999325e-01 0.000000000000000000e+00
7.374999999999999334e-01 0.000000000000000000e+00
7.384999999999999343e-01 0.000000000000000000e+00
7.394999999999999352e-01 0.000000000000000000e+00
7.404999999999999361e-01 0.000000000000000000e+00
7.414999999999999369e-01 0.000000000000000000e+00
7.424999999999999378e-01 0.000000000000000000e+00
7.434999999999999387e-01 0.000000000000000000e+00
7.444999999999999396e-01 0.000000000000000000e+00
7.454999999999999405e-01 0.000000000000000000e+00
7.464999999999999414e-01 0.000000000000000000e+00
7.474999999999999423e-01 0.000000000000000000e+00
7.484999999999999432e-01 0.000000000000000000e+00
7.494999999999999440e-01 0.000000000000000000e+00
7.504999999999999449e-01 0.000000000000000000e+00
7.514999999999999458e-01 0.000000000000000000e+00
7.524999999999999467e-01 0.000000000000000000e+00
7.534999999999999476e-01 0.000000000000000000e+00
7.544999999999999485e-01 0.000000000000000000e+00
7.554999999999999494e-01 0.000000000000000000e+00
7.564999999999999503e-01 0.000000000000000000e+00
7.574999999999999512e-01 0.000000000000000000e+00
7.584999999999999520e-01 0.000000000000000000e+00
7.594999999999999529e-01 0.000000000000000000e+00
7.604999999999999538e-01 0.000000000000000000e+00
7.614999999999999547e-01 0.000000000000000000e+00
7.624999999999999556e-01 0.000000000000000000e+00
7.634999999999999565e-01 0.000000000000000000e+00
7.644999999999999574e-01 0.000000000000000000e+00
7.654999999999999583e-01 0.000000000000000000e+00
7.664999999999999591e-01 0.000000000000000000e+00
7.674999999999999600e-01 0.000000000000000000e+00
7.684999999999999609e-01 0.000000000000000000e+00
7.694999999999999618e-01 0.000000000000000000e+00
7.704999999999999627e-01 0.000000000000000000e+00
7.714999999999999636e-01 0.000000000000000000e+00
7.724999999999999645e-01 0.000000000000000000e+00
7.734999999999999654e-01 0.000000000000000000e+00
7.744999999999999662e-01 0.000000000000000000e+00
7.754999999999999671e-01 0.000000000000000000e+00
7.764999999999999680e-01 0.000000000000000000e+00
7.774999999999999689e-01 0.000000000000000000e+00
7.784999999999999698e-01 0.000000000000000000e+00
7.794999999999999707e-01 0.000000000000000000e+00
7.804999999999999716e-01 0.000000000000000000e+00
7.814999999999999725e-01 0.000000000000000000e+00
7.824999999999999734e-01 0.000000000000000000e+00
7.834999999999999742e-01 0.000000000000000000e+00
7.844999999999999751e-01 0.000000000000000000e+00
7.854999999999999760e-01 0.000000000000000000e+00
7.864999999999999769e-01 0.000000000000000000e+00
7.874999999999999778e-01 0.000000000000000000e+00
7.884999999999999787e-01 0.000000000000000000e+00
7.894999999999999796e-01 0.000000000000000000e+00
7.904999999999999805e-01 0.000000000000000000e+00
7.914999999999999813e-01 0.000000000000000000e+00
7.924999999999999822e-01 0.000000000000000000e+00
7.934999999999999831e-01 0.000000000000000000e+00
7.944999999999999840e-01 0.000000000000000000e+00
7.954999999999999849e-01 0.000000000000000000e+00
7.964999999999999858e-01 0.000000000000000000e+00
7.974999999999999867e-01 0.000000000000000000e+00
7.984999999999999876e-01 0.000000000000000000e+00
7.994999999999999885e-01 0.000000000000000000e+00
8.004999999999999893e-01 0.000000000000000000e+00
8.014999999999999902e-01 0.000000000000000000e+00
8.024999999999999911e-01 0.000000000000000000e+00
8.034999999999999920e-01 0.000000000000000000e+00
8.044999999999999929e-01 0.000000000000000000e+00
8.054999999999999938e-01 0.000000000000000000e+00
8.064999999999999947e-01 0.000000000000000000e+00
8.074999999999999956e-01 0.000000000000000000e+00
8.084999999999999964e-01 0.000000000000000000e+00
8.094999999999999973e-01 0.000000000000000000e+00
8.104999999999999982e-01 0.000000000000000000e+00
8.114999999999999991e-01 0.000000000000000000e+00
8.125000000000000000e-01 0.000000000000000000e+00
8.135000000000000009e-01 0.000000000000000000e+00
8.145000000000000018e-01 0.000000000000000000e+00
8.155000000000000027e-01 0.000000000000000000e+00
8.165000000000000036e-01 0.000000000000000000e+00
8.175000000000000044e-01 0.000000000000000000e+00
8.185000000000000053e-01 0.000000000000000000e+00
8.195000000000000062e-01 0.000000000000000000e+00
8.205000000000000071e-01 0.000000000000000000e+00
8.215000000000000080e-01 0.000000000000000000e+00
8.225000000000000089e-01 0.000000000000000000e+00
8.235000000000000098e-01 0.000000000000000000e+00
8.245000000000000107e-01 0.000000000000000000e+00
8.255000000000000115e-01 0.000000000000000000e+00
8.265000000000000124e-01 0.000000000000000000e+00
8.275000000000000133e-01 0.000000000000000000e+00
8.285000000000000142e-01 0.000000000000000000e+00
8.295000000000000151e-01 0.000000000000000000e+00
8.305000000000000160e-01 0.000000000000000000e+00
8.315000000000000169e-01 0.000000000000000000e+00
8.325000000000000178e-01 0.000000000000000000e+00
8.334999999999999076e-01 0.000000000000000000e+00
8.344999999999999085e-01 0.000000000000000000e+00
8.354999999999999094e-01 0.000000000000000000e+00
8.364999999999999103e-01 0.000000000000000000e+00
8.374999999999999112e-01 0.000000000000000000e+00
8.384999999999999121e-01 0.000000000000000000e+00
8.394999999999999130e-01 0.000000000000000000e+00
8.404999999999999138e-01 0.000000000000000000e+00
8.414999999999999147e-01 0.000000000000000000e+00
8.424999999999999156e-01 0.000000000000000000e+00
8.434999999999999165e-01 0.000000000000000000e+00
8.444999999999999174e-01 0.000000000000000000e+00
8.454999999999999183e-01 0.000000000000000000e+00
8.464999999999999192e-01 0.000000000000000000e+00
8.474999999999999201e-01 0.000000000000000000e+00
8.484999999999999210e-01 0.000000000000000000e+00
8.494999999999999218e-01 0.000000000000000000e+00
8.504999999999999227e-01 0.000000000000000000e+00
8.514999999999999236e-01 0.000000000000000000e+00
8.524999999999999245e-01 0.000000000000000000e+00
8.534999999999999254e-01 0.000000000000000000e+00
8.544999999999999263e-01 0.000000000000000000e+00
8.554999999999999272e-01 0.000000000000000000e+00
8.564999999999999281e-01 0.000000000000000000e+00
8.574999999999999289e-01 0.000000000000000000e+00
8.584999999999999298e-01 0.000000000000000000e+00
8.594999999999999307e-01 0.000000000000000000e+00
8.604999999999999316e-01 0.000000000000000000e+00
8.614999999999999325e-01 0.000000000000000000e+00
8.624999999999999334e-01 0.000000000000000000e+00
8.634999999999999343e-01 0.000000000000000000e+00
8.644999999999999352e-01 0.000000000000000000e+00
8.654999999999999361e-01 0.000000000000000000e+00
8.664999999999999369e-01 0.000000000000000000e+00
8.674999999999999378e-01 0.000000000000000000e+00
8.684999999999999387e-01 0.000000000000000000e+00
8.694999999999999396e-01 0.000000000000000000e+00
8.704999999999999405e-01 0.000000000000000000e+00
8.714999999999999414e-01 0.000000000000000000e+00
8.724999999999999423e-01 0.000000000000000000e+00
8.734999999999999432e-01 0.000000000000000000e+00
8.744999999999999440e-01 0.000000000000000000e+00
8.754999999999999449e-01 0.000000000000000000e+00
8.764999999999999458e-01 0.000000000000000000e+00
8.774999999999999467e-01 0.000000000000000000e+00
8.784999999999999476e-01 0.000000000000000000e+00
8.794999999999999485e-01 0.000000000000000000e+00
8.804999999999999494e-01 0.000000000000000000e+00
8.814999999999999503e-01 0.000000000000000000e+00
8.824999999999999512e-01 0.000000000000000000e+00
8.834999999999999520e-01 0.000000000000000000e+00
8.844999999999999529e-01 0.000000000000000000e+00
8.854999999999999538e-01 0.000000000000000000e+00
8.864999999999999547e-01 0.000000000000000000e+00
8.874999999999999556e-01 0.000000000000000000e+00
8.884999999999999565e-01 0.000000000000000000e+00
8.894999999999999574e-01 0.000000000000000000e+00
8.904999999999999583e-01 0.000000000000000000e+00
8.914999999999999591e-01 0.000000000000000000e+00
8.924999999999999600e-01 0.000000000000000000e+00
8.934999999999999609e-01 0.000000000000000000e+00
8.944999999999999618e-01 0.000000000000000000e+00
8.954999999999999627e-01 0.000000000000000000e+00
8.964999999999999636e-01 0.000000000000000000e+00
8.974999999999999645e-01 0.000000000000000000e+00
8.984999999999999654e-01 0.000000000000000000e+00
8.994999999999999662e-01 0.000000000000000000e+00
9.004999999999999671e-01 0.000000000000000000e+00
9.014999999999999680e-01 0.000000000000000000e+00
9.024999999999999689e-01 0.000000000000000000e+00
9.034999999999999698e-01 0.000000000000000000e+00
9.044999999999999707e-01 0.000000000000000000e+00
9.054999999999999716e-01 0.000000000000000000e+00
9.064999999999999725e-01 0.000000000000000000e+00
9.074999999999999734e-01 0.000000000000000000e+00
9.084999999999999742e-01 0.000000000000000000e+00
9.094999999999999751e-01 0.000000000000000000e+00
9.104999999999999760e-01 0.000000000000000000e+00
9.114999999999999769e-01 0.000000000000000000e+00
9.124999999999999778e-01 0.000000000000000000e+00
9.134999999999999787e-01 0.000000000000000000e+00
9.144999999999999796e-01 0.000000000000000000e+00
9.154999999999999805e-01 0.000000000000000000e+00
9.164999999999999813e-01 0.000000000000000000e+00
9.174999999999999822e-01 0.000000000000000000e+00
9.184999999999999831e-01 0.000000000000000000e+00
9.194999999999999840e-01 0.000000000000000000e+00
9.204999999999999849e-01 0.000000000000000000e+00
9.214999999999999858e-01 0.000000000000000000e+00
9.224999999999999867e-01 0.000000000000000000e+00
9.234999999999999876e-01 0.000000000000000000e+00
9.244999999999999885e-01 0.000000000000000000e+00
9.254999999999999893e-01 0.000000000000000000e+00
9.264999999999999902e-01 0.000000000000000000e+00
9.274999999999999911e-01 0.000000000000000000e+00
9.284999999999999920e-01 0.000000000000000000e+00
9.294999999999999929e-01 0.000000000000000000e+00
9.304999999999999938e-01 0.000000000000000000e+00
9.314999999999999947e-01 0.000000000000000000e+00
9.324999999999999956e-01 0.000000000000000000e+00
9.334999999999999964e-01 0.000000000000000000e+00
9.344999999999999973e-01 0.000000000000000000e+00
9.354999999999999982e-01 0.000000000000000000e+00
9.364999999999999991e-01 0.000000000000000000e+00
9.375000000000000000e-01 0.000000000000000000e+00
9.385000000000000009e-01 0.000000000000000000e+00
9.395000000000000018e-01 0.000000000000000000e+00
9.405000000000000027e-01 0.000000000000000000e+00
9.415000000000000036e-01 0.000000000000000000e+00
9.425000000000000044e-01 0.000000000000000000e+00
9.435000000000000053e-01 0.000000000000000000e+00
9.445000000000000062e-01 0.000000000000000000e+00
9.455000000000000071e-01 0.000000000000000000e+00
9.465000000000000080e-01 0.000000000000000000e+00
9.475000000000000089e-01 0.000000000000000000e+00
9.485000000000000098e-01 0.000000000000000000e+00
9.495000000000000107e-01 0.000000000000000000e+00
9.505000000000000115e-01 0.000000000000000000e+00
9.515000000000000124e-01 0.000000000000000000e+00
9.525000000000000133e-01 0.000000000000000000e+00
9.535000000000000142e-01 0.000000000000000000e+00
9.545000000000000151e-01 0.000000000000000000e+00
9.555000000000000160e-01 0.000000000000000000e+00
9.565000000000000169e-01 0.000000000000000000e+00
9.575000000000000178e-01 0.000000000000000000e+00
9.585000000000000187e-01 0.000000000000000000e+00
9.595000000000000195e-01 0.000000000000000000e+00
9.604999999999999094e-01 0.000000000000000000e+00
9.614999999999999103e-01 0.000000000000000000e+00
9.624999999999999112e-01 0.000000000000000000e+00
9.634999999999999121e-01 0.000000000000000000e+00
9.644999999999999130e-01 0.000000000000000000e+00
9.654999999999999138e-01 0.000000000000000000e+00
9.664999999999999147e-01 0.000000000000000000e+00
9.674999999999999156e-01 0.000000000000000000e+00
9.684999999999999165e-01 0.000000000000000000e+00
9.694999999999999174e-01 0.000000000000000000e+00
9.704999999999999183e-01 0.000000000000000000e+00
9.714999999999999192e-01 0.000000000000000000e+00
9.724999999999999201e-01 0.000000000000000000e+00
9.734999999999999210e-01 0.000000000000000000e+00
9.744999999999999218e-01 0.000000000000000000e+00
9.754999999999999227e-01 0.000000000000000000e+00
9.764999999999999236e-01 0.000000000000000000e+00
9.774999999999999245e-01 0.000000000000000000e+00
9.784999999999999254e-01 0.000000000000000000e+00
9.794999999999999263e-01 0.000000000000000000e+00
9.804999999999999272e-01 0.000000000000000000e+00
9.814999999999999281e-01 0.000000000000000000e+00
9.824999999999999289e-01 0.000000000000000000e+00
9.834999999999999298e-01 0.000000000000000000e+00
9.844999999999999307e-01 0.000000000000000000e+00
9.854999999999999316e-01 0.000000000000000000e+00
9.864999999999999325e-01 0.000000000000000000e+00
9.874999999999999334e-01 0.000000000000000000e+00
9.884999999999999343e-01 0.000000000000000000e+00
9.894999999999999352e-01 0.000000000000000000e+00
9.904999999999999361e-01 0.000000000000000000e+00
9.914999999999999369e-01 0.000000000000000000e+00
9.924999999999999378e-01 0.000000000000000000e+00
9.934999999999999387e-01 0.000000000000000000e+00
9.944999999999999396e-01 0.000000000000000000e+00
9.954999999999999405e-01 0.000000000000000000e+00
9.964999999999999414e-01 0.000000000000000000e+00
9.974999999999999423e-01 0.000000000000000000e+00
9.984999999999999432e-01 0.000000000000000000e+00
9.994999999999999440e-01 0.000000000000000000e+00
